-3.549715400132556316e-09
-2.362903506180079001e-09
-1.611472592861225781e-09
-1.093602376501331529e-09
-7.327242966512912818e-10
-4.878251450141641683e-10
-3.238398714683512910e-10
-2.143031361138546130e-10
-1.416033247896658654e-10
-9.486403399502322737e-11
-6.365479714769698025e-11
-4.249457331720359922e-11
-2.811732911872137039e-11
-1.853088632174976172e-11
-1.236873945958743623e-11
-8.361919604791242304e-12
-5.594117147456660710e-12
-3.707582328114387886e-12
-2.442400555887200008e-12
-1.599792386566746557e-12
-1.042918687413556609e-12
-7.021723294463753447e-13
-4.672543469809356017e-13
-3.070558563025783616e-13
-2.020096322009667006e-13
-1.330084820311805428e-13
-8.749425783959903612e-14
-3.550160570052782319e-09
-2.363184860095506108e-09
-1.611615869343899436e-09
-1.093647655170668494e-09
-7.327093303149564208e-10
-4.877801713256550325e-10
-3.237838452988185393e-10
-2.142464796895317357e-10
-1.415524651966489425e-10
-9.482328735297241015e-11
-6.362574484524316403e-11
-4.247628899138152924e-11
-2.810728219282747028e-11
-1.852596590637744027e-11
-1.236627715593035797e-11
-8.360448169973456205e-12
-5.593079830246142754e-12
-3.706789444904042246e-12
-2.441810374976237023e-12
-1.599381937480708581e-12
-1.042647089342569190e-12
-7.019888941857606937e-13
-4.671328994565075092e-13
-3.069790296642828677e-13
-2.019641156165566969e-13
-1.329839119865933352e-13
-8.748284330473070342e-14
-3.550357369330578240e-09
-2.363342541331548586e-09
-1.611705593353486994e-09
-1.093677792007384716e-09
-7.326975251429696902e-10
-4.877445657562457189e-10
-3.237376298971953570e-10
-2.141978559457310040e-10
-1.415071588903372339e-10
-9.478572324219184920e-11
-6.359806072888651754e-11
-4.245826687381113144e-11
-2.809701320184532027e-11
-1.852075492225344354e-11
-1.236362726972659509e-11
-8.358896335327664336e-12
-5.592028498549469220e-12
-3.706009662402231215e-12
-2.441237235891672736e-12
-1.598984442648617758e-12
-1.042383782580424099e-12
-7.018106134806303564e-13
-4.670144476767411620e-13
-3.069037907066430415e-13
-2.019193695755599020e-13
-1.329596704787229967e-13
-8.747151037645643803e-14
-3.550293156706679822e-09
-2.363351058987169741e-09
-1.611716356188642916e-09
-1.093671876248933316e-09
-7.326736253189176567e-10
-4.877081441678172942e-10
-3.236948456149984660e-10
-2.141534955123672905e-10
-1.414653355205521321e-10
-9.475026887177382444e-11
-6.357121789087133998e-11
-4.244024559047033380e-11
-2.808637346407636066e-11
-1.851514930145083513e-11
-1.236071002961602826e-11
-8.357204791198878575e-12
-5.590922016199397795e-12
-3.705216315080208299e-12
-2.440664664923509229e-12
-1.598589993816204290e-12
-1.042122905389965078e-12
-7.016339073865531727e-13
-4.668968664355042877e-13
-3.068289046004542251e-13
-2.018746631585228504e-13
-1.329353116232769609e-13
-8.745998061374907326e-14
-3.550074547109837689e-09
-2.363264130641356099e-09
-1.611675255169121231e-09
-1.093642979521956606e-09
-7.326437062154982013e-10
-4.876738617781279819e-10
-3.236571258470145535e-10
-2.141144719949174607e-10
-1.414278354916701272e-10
-9.471764175023956662e-11
-6.354580806958709882e-11
-4.242267027876702411e-11
-2.807566166860219952e-11
-1.850932767342120597e-11
-1.235762521071333853e-11
-8.355428440333326625e-12
-5.589790107311579703e-12
-3.704425830165042378e-12
-2.440102134008135092e-12
-1.598204211995802119e-12
-1.041867845049817246e-12
-7.014609487597689549e-13
-4.667815493906958955e-13
-3.067552522651872372e-13
-2.018305422018223509e-13
-1.329111633464565115e-13
-8.744844633186533689e-14
-3.549777148885006070e-09
-2.363120637489620952e-09
-1.611601532896807070e-09
-1.093599772898318895e-09
-7.326112152019702612e-10
-4.876429925137207819e-10
-3.236249872434087320e-10
-2.140811056966877111e-10
-1.413949870290603338e-10
-9.468821238964863622e-11
-6.352219810398628979e-11
-4.240584990482967237e-11
-2.806510015013713439e-11
-1.850342807299717253e-11
-1.235445054288556177e-11
-8.353609476568160852e-12
-5.588655018619810628e-12
-3.703650190360734661e-12
-2.439556489126556717e-12
-1.597831191384254109e-12
-1.041621105702138642e-12
-7.012933662231414072e-13
-4.666695565466046483e-13
-3.066835136748368085e-13
-2.017874332974488955e-13
-1.328874844975674156e-13
-8.743706090914442506e-14
-3.549450470124806051e-09
-2.362946883443750743e-09
-1.611507855257104702e-09
-1.093547315197301131e-09
-7.325774728483800688e-10
-4.876154432816492130e-10
-3.235980196886776195e-10
-2.140530756039902466e-10
-1.413666707189744047e-10
-9.466203950167690565e-11
-6.350054624766760020e-11
-4.238996247917958881e-11
-2.805483470819689641e-11
-1.849754600315376441e-11
-1.235123975420547796e-11
-8.351775872836058989e-12
-5.587530451165668311e-12
-3.702896201574666464e-12
-2.439031448692443524e-12
-1.597473158085116812e-12
-1.041384083057996983e-12
-7.011320963925965477e-13
-4.665615207278576600e-13
-3.066141097953209861e-13
-2.017456069685822204e-13
-1.328644407324357518e-13
-8.742592255516473863e-14
-3.549126726788493024e-09
-2.362761418688271806e-09
-1.611403338565233750e-09
-1.093489040175311397e-09
-7.325429916621571101e-10
-4.875906238056750257e-10
-3.235754500199324477e-10
-2.140297783438761423e-10
-1.413425450558356111e-10
-9.463901143848402249e-11
-6.348088886640863749e-11
-4.237510665863810906e-11
-2.804496457966971395e-11
-1.849175183021933002e-11
-1.234803302929026996e-11
-8.349947875270160464e-12
-5.586425554494871895e-12
-3.702167913741264251e-12
-2.438529050696904076e-12
-1.597131325208003248e-12
-1.041157567501371661e-12
-7.009776957877137880e-13
-4.664578386965068376e-13
-3.065473176531022232e-13
-2.017052466373446976e-13
-1.328421455103458292e-13
-8.741509842832121123e-14
-3.548825991517759957e-09
-2.362577455332669976e-09
-1.611294945093461824e-09
-1.093427661165982351e-09
-7.325081009364745402e-10
-4.875678847151283965e-10
-3.235564423703736539e-10
-2.140105281095302037e-10
-1.413221763944359299e-10
-9.461892946657740335e-11
-6.346319195459015025e-11
-4.236133231872018911e-11
-2.803555998485201930e-11
-1.848610083324508374e-11
-1.234486301894273863e-11
-8.348141746890273264e-12
-5.585347248156357650e-12
-3.701468042269628887e-12
-2.438050510760615664e-12
-1.596806404178886849e-12
-1.040942046970846600e-12
-7.008305292981461325e-13
-4.663587868762003514e-13
-3.064833401232971694e-13
-2.016664905811217457e-13
-1.328206851919937296e-13
-8.740463955375699536e-14
-3.548559432680059954e-09
-2.362404058519720922e-09
-1.611188011579785436e-09
-1.093365467989936432e-09
-7.324731608268761780e-10
-4.875466886933804134e-10
-3.235402304880762065e-10
-2.139946529290294997e-10
-1.413051056693336519e-10
-9.460155220511086404e-11
-6.344737900107576498e-11
-4.234865687815705318e-11
-2.802667115318944529e-11
-1.848063813251626027e-11
-1.234175769504395988e-11
-8.346371532246621355e-12
-5.584301323181400511e-12
-3.700798650584781727e-12
-2.437596638085049854e-12
-1.596498853822791427e-12
-1.040737854830101101e-12
-7.006908622817301486e-13
-4.662645779105605870e-13
-3.064223400132057372e-13
-2.016294524106795664e-13
-1.328001312996604218e-13
-8.739458813275143281e-14
-3.548331773259418468e-09
-2.362246937848858296e-09
-1.611086481828747133e-09
-1.093304392921330455e-09
-7.324386033463173688e-10
-4.875266603290818964e-10
-3.235261701545493066e-10
-2.139815404542936713e-10
-1.412908840177535228e-10
-9.458662102614820110e-11
-6.343334742514853409e-11
-4.233707486960913293e-11
-2.801833336933843233e-11
-1.847540123056648701e-11
-1.233874172185394069e-11
-8.344649881758051387e-12
-5.583292958951249593e-12
-3.700161476619315405e-12
-2.437168037613304642e-12
-1.596209002238662495e-12
-1.040545242309166206e-12
-7.005589056848114490e-13
-4.661753883495433695e-13
-3.063644567071479155e-13
-2.015942310384872530e-13
-1.327805464722031318e-13
-8.738498109267180252e-14
-3.548143266223977993e-09
-2.362109102663677854e-09
-1.610993054261174580e-09
-1.093245998028159298e-09
-7.324049018616295096e-10
-4.875075786415229124e-10
-3.235137507494467887e-10
-2.139706568508618656e-10
-1.412790915345443012e-10
-9.457387515404934529e-11
-6.342097896167310539e-11
-4.232656406215215203e-11
-2.801057006074816182e-11
-1.847042140019486846e-11
-1.233583710934439484e-11
-8.342988416754480362e-12
-5.582326952075005953e-12
-3.699558083049387578e-12
-2.436765206179590880e-12
-1.595937105565557630e-12
-1.040364413507703032e-12
-7.004348378408141046e-13
-4.660913720053176712e-13
-3.063098141618104724e-13
-2.015609154398247600e-13
-1.327619872999415857e-13
-8.737585177961118753e-14
-3.547991329120121156e-09
-2.361991497125076800e-09
-1.610909349398245308e-09
-1.093191467238398546e-09
-7.323725282176083026e-10
-4.874893507224543135e-10
-3.235025896269904281e-10
-2.139615530050036561e-10
-1.412693476448161984e-10
-9.456306160755287396e-11
-6.341014711768262856e-11
-4.231709003053828943e-11
-2.800339507606661345e-11
-1.846572461852172344e-11
-1.233306358082140271e-11
-8.341397905946491139e-12
-5.581407823718430761e-12
-3.698989931966620264e-12
-2.436388582984733525e-12
-1.595683379540610721e-12
-1.040195544243426769e-12
-7.003188161955547055e-13
-4.660126671154745258e-13
-3.062585251621278609e-13
-2.015295871581827224e-13
-1.327445058012486097e-13
-8.736723083516603486e-14
-3.547871788064813008e-09
-2.361893571659248601e-09
-1.610836087800029974e-09
-1.093141610856084730e-09
-7.323419095451811560e-10
-4.874719765779621846e-10
-3.234924160392712634e-10
-2.139538621342072255e-10
-1.412613154845838337e-10
-9.455394137398233245e-11
-6.340072249725895196e-11
-4.230860963361827362e-11
-2.799681443393705549e-11
-1.846133222461267523e-11
-1.233043877101752421e-11
-8.339888329317422115e-12
-5.580539853465751747e-12
-3.698458413485756010e-12
-2.436038572165930359e-12
-1.595448014461682144e-12
-1.040038791073243527e-12
-7.002109829173638370e-13
-4.659393997568599815e-13
-3.062106933238222115e-13
-2.015003214626055399e-13
-1.327281500976884433e-13
-8.735914660077414570e-14
-3.547779813239844472e-09
-2.361813804311006969e-09
-1.610773292679103366e-09
-1.093096900547680547e-09
-7.323134019051656702e-10
-4.874555182862316857e-10
-3.234830532890206561e-10
-2.139472941023410314e-10
-1.412547034088308747e-10
-9.454629364549338785e-11
-6.339257705348571324e-11
-4.230107401256963454e-11
-2.799082789965809147e-11
-1.845726151608442292e-11
-1.232797838858717626e-11
-8.338468913702928910e-12
-5.579727091498387951e-12
-3.697964859466782116e-12
-2.435715556031042005e-12
-1.595231184546022860e-12
-1.039894296973655506e-12
-7.001114684143150949e-13
-4.658716859698535732e-13
-3.061664143178715133e-13
-2.014731880355459516e-13
-1.327129648044264243e-13
-8.735162534809132960e-14
-3.547710525665679085e-09
-2.361750114040745354e-09
-1.610720476958048327e-09
-1.093057514426532371e-09
-7.322872729547988525e-10
-4.874400712932367369e-10
-3.234743987175811858e-10
-2.139416264067341244e-10
-1.412492636010934342e-10
-9.453991804265828113e-11
-6.338558716261922902e-11
-4.229443100982566059e-11
-2.798543031962986230e-11
-1.845352624609805646e-11
-1.232569632497570861e-11
-8.337148132081985575e-12
-5.578973345643897582e-12
-3.697510540723095091e-12
-2.435419898090416478e-12
-1.595033051220072687e-12
-1.039762193447725928e-12
-7.000203926366107607e-13
-4.658096325306477497e-13
-3.061257762876310880e-13
-2.014482511816215621e-13
-1.326989911380570866e-13
-8.734469134406273572e-14
-3.547659394526748902e-09
-2.361700196671830827e-09
-1.610676824867633613e-09
-1.093023399668435471e-09
-7.322637012700493417e-10
-4.874257446155140532e-10
-3.234664065137286120e-10
-2.139366950690505287e-10
-1.412447897315626311e-10
-9.453463596402070295e-11
-6.337963616131854833e-11
-4.228862736011442950e-11
-2.798061290813511929e-11
-1.845013713421634212e-11
-1.232360477986585930e-11
-8.335933710849949289e-12
-5.578282170457854704e-12
-3.697096663943312797e-12
-2.435151945442279348e-12
-1.594853765933038211e-12
-1.039642602328744945e-12
-6.999378661818169768e-13
-4.657533376028275950e-13
-3.060888601979969580e-13
-2.014255699991332460e-13
-1.326862670028165842e-13
-8.733836690185833919e-14
-3.547622423512394401e-09
-2.361661749166023716e-09
-1.610641334697820153e-09
-1.092994330235256392e-09
-7.322427802571135047e-10
-4.874126443712364114e-10
-3.234590708972070669e-10
-2.139323842906566215e-10
-1.412411130525445395e-10
-9.453029066588299893e-11
-6.337461605982853799e-11
-4.228361044463623462e-11
-2.797636434633640398e-11
-1.844710230723746457e-11
-1.232171435623394177e-11
-8.334832618861491704e-12
-5.577656843749330218e-12
-3.696724360026970406e-12
-2.434912025678654164e-12
-1.594693469674965161e-12
-1.039535635647437472e-12
-6.998639902029771267e-13
-4.657028906600207565e-13
-3.060557397511868536e-13
-2.014051982960846310e-13
-1.326748269270915059e-13
-8.733267234476161527e-14
-3.547596243544727659e-09
-2.361632632210392625e-09
-1.610612942717937391e-09
-1.092969969019620442e-09
-7.322245327753147191e-10
-4.874008655291811650e-10
-3.234524133937790418e-10
-2.139286174126632189e-10
-1.412380985255266056e-10
-9.452674702703794763e-11
-6.337042897318319757e-11
-4.227932990236816568e-11
-2.797267185138776113e-11
-1.844442775929465525e-11
-1.232003417955172969e-11
-8.333851072584236279e-12
-5.577100351618174431e-12
-3.696394676391413551e-12
-2.434700445673508519e-12
-1.594552293488545311e-12
-1.039441396062621357e-12
-6.997988566593242000e-13
-4.656583726176650351e-13
-3.060264814313487954e-13
-2.013871845857796237e-13
-1.326647020472087549e-13
-8.732762599627297000e-14
-3.547578094967743015e-09
-2.361610948706685709e-09
-1.610590604282415467e-09
-1.092949915511657912e-09
-7.322089244508095273e-10
-4.873904853538820302e-10
-3.234464709660856887e-10
-2.139253475968603012e-10
-1.412356401563514420e-10
-9.452389050628447291e-11
-6.336698794159422738e-11
-4.227573887000186931e-11
-2.796952206356860076e-11
-1.844211773848965182e-11
-1.231857198782389535e-11
-8.332994526938127196e-12
-5.576615364809286998e-12
-3.696108563412188433e-12
-2.434517486525439243e-12
-1.594430356632329408e-12
-1.039359975915020400e-12
-6.997425477221363056e-13
-4.656198554554600101e-13
-3.060011442510376077e-13
-2.013715719105108353e-13
-1.326559199930712917e-13
-8.732324411461799037e-14
-3.547565795251553448e-09
-2.361595092875991225e-09
-1.610573359305389378e-09
-1.092933752050074737e-09
-7.321958826041215925e-10
-4.873815630281765429e-10
-3.234412881899911247e-10
-2.139225504328970199e-10
-1.412336569640123161e-10
-9.452162616828867617e-11
-6.336421764732792050e-11
-4.227279512879181873e-11
-2.796690190038121051e-11
-1.844017514296820134e-11
-1.231733424242210472e-11
-8.332267683078869346e-12
-5.576204225489154168e-12
-3.695866866339739172e-12
-2.434363401267143847e-12
-1.594327766219358306e-12
-1.039291457112922590e-12
-6.996951356828766081e-13
-4.655874021407225760e-13
-3.059797796770649215e-13
-2.013583977722891129e-13
-1.326485048360172804e-13
-8.731954086169116431e-14
-3.547557654051578798e-09
-2.361583747097352075e-09
-1.610560362790877009e-09
-1.092921073123437297e-09
-7.321853099421890974e-10
-4.873741388992314468e-10
-3.234369099274095857e-10
-2.139202166533577752e-10
-1.412320886390722481e-10
-9.451987723409405248e-11
-6.336205468290877004e-11
-4.227046192766343827e-11
-2.796479922643581763e-11
-1.843860183391388211e-11
-1.231632620591792446e-11
-8.331674482136547525e-12
-5.575868926866908610e-12
-3.695670312676907924e-12
-2.434238409568545245e-12
-1.594244615004242167e-12
-1.039235909945127052e-12
-6.996566822143583714e-13
-4.655610661689789888e-13
-3.059624313370098996e-13
-2.013476939399852990e-13
-1.326424769674533968e-13
-8.731652823315824804e-14
-3.547552413477937961e-09
-2.361575877426337412e-09
-1.610550909893684861e-09
-1.092911513353589149e-09
-7.321771011313549360e-10
-4.873682379891939938e-10
-3.234333774984950380e-10
-2.139183469770734795e-10
-1.412308922064151777e-10
-9.451858397582020249e-11
-6.336044785389138058e-11
-4.226870875226681013e-11
-2.796320348492254018e-11
-1.843739894632772114e-11
-1.231555203509351908e-11
-8.331218114754878434e-12
-5.575611103760330488e-12
-3.695519505690085873e-12
-2.434142695606293972e-12
-1.594180980852483109e-12
-1.039193392837662070e-12
-6.996272382014737359e-13
-4.655408914455293036e-13
-3.059491349291267768e-13
-2.013394863787836755e-13
-1.326378530500497331e-13
-8.731421603026726192e-14
-3.547549161478332019e-09
-2.361570699740278894e-09
-1.610544436734825954e-09
-1.092904760399938029e-09
-7.321711525034423959e-10
-4.873638715137736428e-10
-3.234307247408247847e-10
-2.139169471429012135e-10
-1.412300386674172389e-10
-9.451770237180304669e-11
-6.335935815801170395e-11
-4.226751180974817946e-11
-2.796210614364629211e-11
-1.843656710827057385e-11
-1.231501483692125551e-11
-8.330901016127652026e-12
-5.575432016840235408e-12
-3.695414914232294635e-12
-2.434076403475336342e-12
-1.594136924674162483e-12
-1.039163951221106845e-12
-6.996068430366976617e-13
-4.655269118495202633e-13
-3.059399179488135892e-13
-2.013337950747623962e-13
-1.326346459087995715e-13
-8.731261179675168447e-14
-3.547547286158839527e-09
-2.361567661988046362e-09
-1.610540525697791227e-09
-1.092900569369557550e-09
-7.321673738673638761e-10
-4.873610413706964268e-10
-3.234289769570449362e-10
-2.139160250643002605e-10
-1.412295108572260626e-10
-9.451720329269484315e-11
-6.335875889990144181e-11
-4.226685449010915903e-11
-2.796150109917421221e-11
-1.843610664864365278e-11
-1.231471673483493392e-11
-8.330724875519678902e-12
-5.575332547968663016e-12
-3.695356869084346694e-12
-2.434039636025302757e-12
-1.594112490185206369e-12
-1.039147617429871349e-12
-6.995955245436163341e-13
-4.655191511767289778e-13
-3.059347996417710020e-13
-2.013306339958692828e-13
-1.326328645027810413e-13
-8.731172080180456209e-14
-3.547546412174860231e-09
-2.361566409566714603e-09
-1.610538894997172947e-09
-1.092898765312056367e-09
-7.321656933142070681e-10
-4.873597416842619846e-10
-3.234281492111284155e-10
-2.139155881269670886e-10
-1.412293014377268325e-10
-9.451707159901085009e-11
-6.335863556847894082e-11
-4.226672757295978668e-11
-2.796138489630541168e-11
-1.843601770810697254e-11
-1.231465889524687654e-11
-8.330690630936853653e-12
-5.575313189759557966e-12
-3.695345556174921707e-12
-2.434032451601956102e-12
-1.594107702338278280e-12
-1.039144409829897006e-12
-6.995932984389941015e-13
-4.655176228115707653e-13
-3.059337908041411553e-13
-2.013300109687212392e-13
-1.326325138515506408e-13
-8.731154599892251233e-14
-3.547546382535178111e-09
-2.361566775152980798e-09
-1.610539399426970546e-09
-1.092899250187426087e-09
-7.321660643474185128e-10
-4.873599626576423738e-10
-3.234282470669752285e-10
-2.139156425344408003e-10
-1.412294122055608281e-10
-9.451730587554233656e-11
-6.335898591084530806e-11
-4.226712943051159442e-11
-2.796175690415101771e-11
-1.843630033300604113e-11
-1.231484156133228932e-11
-8.330798477454046092e-12
-5.575374046336706476e-12
-3.695381016579804759e-12
-2.434054864392508556e-12
-1.594122567679769192e-12
-1.039154333031562808e-12
-6.996001684514341099e-13
-4.655223297900802929e-13
-3.059368938115736417e-13
-2.013319276890762349e-13
-1.326335950375046452e-13
-8.731208802579674747e-14
-3.547547224120162477e-09
-2.361568756793378109e-09
-1.610542020219861718e-09
-1.092902000375589460e-09
-7.321684664016990647e-10
-4.873616910891295234e-10
-3.234292663608141323e-10
-2.139161927319258490e-10
-1.412298535974636374e-10
-9.451791814860068399e-11
-6.335981981248012062e-11
-4.226806599251347400e-11
-2.796261930944594645e-11
-1.843695447072555415e-11
-1.231526404619898764e-11
-8.331047860776887976e-12
-5.575514828727408215e-12
-3.695463143774630519e-12
-2.434106842926934299e-12
-1.594157073535531931e-12
-1.039177377435660092e-12
-6.996161260515876711e-13
-4.655332646425608615e-13
-3.059441025291659647e-13
-2.013363796702521015e-13
-1.326361051767057935e-13
-8.731334518823346393e-14
-3.547549158435354575e-09
-2.361572523103706770e-09
-1.610546869082280852e-09
-1.092907070349608382e-09
-7.321729080667532834e-10
-4.873649130109071487e-10
-3.234311952278614139e-10
-2.139172428224126342e-10
-1.412306455283496130e-10
-9.451893426758725958e-11
-6.336115939029864993e-11
-4.226955071221227703e-11
-2.796397706526411215e-11
-1.843797994583425233e-11
-1.231592473201080623e-11
-8.331437483929743128e-12
-5.575734861290227848e-12
-3.695591687608139499e-12
-2.434188312135301789e-12
-1.594211189075544613e-12
-1.039213519823793711e-12
-6.996411508068376372e-13
-4.655504096038348963e-13
-3.059554024353819496e-13
-2.013433563172704705e-13
-1.326400374630085322e-13
-8.731531348579332370e-14
-3.547552594802427391e-09
-2.361578407541114822e-09
-1.610554182640869640e-09
-1.092914587733503282e-09
-7.321794239891579649e-10
-4.873696130037866219e-10
-3.234340151206450023e-10
-2.139187980330536337e-10
-1.412318184129536252e-10
-9.452039426256740041e-11
-6.336303888968162742e-11
-4.227160429490268547e-11
-2.796583765881023383e-11
-1.843937633929554621e-11
-1.231682102948176008e-11
-8.331965299685251922e-12
-5.576033083031644432e-12
-3.695766255671880090e-12
-2.434299153656526201e-12
-1.594284865274244350e-12
-1.039262723327359734e-12
-6.996752103779465615e-13
-4.655737366220006307e-13
-3.059707706366623564e-13
-2.013528409422844699e-13
-1.326453811796603702e-13
-8.731798661815703174e-14
-3.547558166812380117e-09
-2.361586929079403072e-09
-1.610564330725594690e-09
-1.092924754454662541e-09
-7.321880746122706045e-10
-4.873757758085375370e-10
-3.234377041685110009e-10
-2.139208681627925630e-10
-1.412334154657619835e-10
-9.452235331614251862e-11
-6.336550476477058420e-11
-4.227425441629492820e-11
-2.796821083329627753e-11
-1.844114284956581292e-11
-1.231794934380181901e-11
-8.332628515947449845e-12
-5.576408059578496382e-12
-3.695986321067119478e-12
-2.434439209492022553e-12
-1.594378036623189354e-12
-1.039324938366192479e-12
-6.997182610943707107e-13
-4.656032077078817859e-13
-3.059901760813465897e-13
-2.013648108986779083e-13
-1.326521217817685896e-13
-8.732135603328909336e-14
-3.547566748879152673e-09
-2.361598799876927336e-09
-1.610577813173954462e-09
-1.092937838377848408e-09
-7.321989396261215470e-10
-4.873833849749614598e-10
-3.234422397540334736e-10
-2.139234710924721395e-10
-1.412354950975367552e-10
-9.452488262761854737e-11
-6.336861551538653084e-11
-4.227753518876776017e-11
-2.797110813090103266e-11
-1.844327806179907898e-11
-1.231930500377524614e-11
-8.333423587819887362e-12
-5.576857990150277168e-12
-3.696251227497034538e-12
-2.434608283864265027e-12
-1.594490621723977399e-12
-1.039400102960421707e-12
-6.997702481686178818e-13
-4.656387750813537209e-13
-3.060135796632433952e-13
-2.013792376553030694e-13
-1.326602409447695008e-13
-8.732541095464421326e-14
-3.547579513467366132e-09
-2.361614955680418013e-09
-1.610595266991780089e-09
-1.092954169378036694e-09
-7.322121142455976428e-10
-4.873924243549759908e-10
-3.234476037657956921e-10
-2.139266382878779714e-10
-1.412381344566786521e-10
-9.452807076486399773e-11
-6.337244163446023833e-11
-4.228148659234426921e-11
-2.797454238930701021e-11
-1.844577970357607467e-11
-1.232088219969409783e-11
-8.334346222820312207e-12
-5.577380724585255583e-12
-3.696560200137449172e-12
-2.434806147995958270e-12
-1.594622525369296934e-12
-1.039488143847282564e-12
-6.998311063826753377e-13
-4.656803815914867624e-13
-3.060409344843858116e-13
-2.013960869663278916e-13
-1.326697166713578189e-13
-8.733013844426335677e-14
-3.547597965533876393e-09
-2.361636567541712223e-09
-1.610617456982654220e-09
-1.092974123717981588e-09
-7.322276993186318436e-10
-4.874028774164612094e-10
-3.234537875082293329e-10
-2.139304203701186192e-10
-1.412414328915824081e-10
-9.453202474881347043e-11
-6.337706522470035377e-11
-4.228615362731502204e-11
-2.797852706314176518e-11
-1.844864431755425984e-11
-1.232267388915266835e-11
-8.335391374169591519e-12
-5.577973775358981915e-12
-3.696912353573132258e-12
-2.435032542928180743e-12
-1.594773639428101219e-12
-1.039588976936504363e-12
-6.999007603962199082e-13
-4.657279609260951261e-13
-3.060721860047654521e-13
-2.014153189801406273e-13
-1.326805233635655784e-13
-8.733552344383910973e-14
-3.547624013827054992e-09
-2.361665067772356220e-09
-1.610645270081909324e-09
-1.092998110425687933e-09
-7.322457946708423071e-10
-4.874147304239915373e-10
-3.234607997823794146e-10
-2.139348946367822723e-10
-1.412455163188778158e-10
-9.453687142101226249e-11
-6.338257961510782834e-11
-4.229158539689793791e-11
-2.798307550111294382e-11
-1.845186692924603689e-11
-1.232467171591725518e-11
-8.336553248055202569e-12
-5.578634339143979977e-12
-3.697306704885115681e-12
-2.435287184847288935e-12
-1.594943844979549722e-12
-1.039702508425550377e-12
-6.999791254314405366e-13
-4.657814380324816485e-13
-3.061072723104916453e-13
-2.014368884171098152e-13
-1.326926319355027766e-13
-8.734154883973098154e-14
-3.547660013213825781e-09
-2.361702144951869425e-09
-1.610679685101747979e-09
-1.093026543729842366e-09
-7.322664872257192261e-10
-4.874279747413309205e-10
-3.234686751437272969e-10
-2.139401725434495028e-10
-1.412505412123443708e-10
-9.454275830460842671e-11
-6.338908852426535700e-11
-4.229783387758617648e-11
-2.798820005453083804e-11
-1.845544064365698190e-11
-1.232686590264244262e-11
-8.337825300385684612e-12
-5.579359313030444688e-12
-3.697742183248639815e-12
-2.435569768094963386e-12
-1.595133013060638838e-12
-1.039828635148989165e-12
-7.000661075191340037e-13
-4.658407292955818150e-13
-3.061461242546477123e-13
-2.014607446819434936e-13
-1.327060098920301562e-13
-8.734819550935555083e-14
-3.547708832323749178e-09
-2.361749736027438760e-09
-1.610721737070636530e-09
-1.093059815944110502e-09
-7.322898440326006864e-10
-4.874426145389467839e-10
-3.234774857902375562e-10
-2.139464089083448306e-10
-1.412566991091094392e-10
-9.454985446060910592e-11
-6.339670508000877325e-11
-4.230495257910446905e-11
-2.799391114678132641e-11
-1.845935624854215402e-11
-1.232924516192171455e-11
-8.339200248310663729e-12
-5.580145319473384118e-12
-3.698217643802082107e-12
-2.435879970121068525e-12
-1.595341006333578484e-12
-1.039967245388655178e-12
-7.001616039921139217e-13
-4.659057428444327634e-13
-3.061886656642361169e-13
-2.014868320115838078e-13
-1.327206214265476149e-13
-8.735544237727725263e-14
-3.547773870666326363e-09
-2.361809964700320203e-09
-1.610772447682305443e-09
-1.093098256266805872e-09
-7.323159026885606875e-10
-4.874586753608972278e-10
-3.234873539585231963e-10
-2.139538107008993791e-10
-1.412642202606664974e-10
-9.455835051229131780e-11
-6.340555023303241155e-11
-4.231299485364987851e-11
-2.800021618315387455e-11
-1.846360176002371328e-11
-1.233179658704711667e-11
-8.340670072062208565e-12
-5.580988725020904590e-12
-3.698731877124052597e-12
-2.436217453574921163e-12
-1.595567679072316892e-12
-1.040118218749847121e-12
-7.002655034352817214e-13
-4.659763785520985625e-13
-3.062348133814590391e-13
-2.015150895343508785e-13
-1.327364274701950179e-13
-8.736326644354091734e-14
-3.547859062875844918e-09
-2.361885048418009296e-09
-1.610832742106594219e-09
-1.093142091979498850e-09
-7.323446702855238215e-10
-4.874762198641566471e-10
-3.234984680103193772e-10
-2.139626469531582741e-10
-1.412733772027152123e-10
-9.456845828274549845e-11
-6.341575085185471377e-11
-4.232201204872959810e-11
-2.800711842716015815e-11
-1.846816198562539817e-11
-1.233450556473985846e-11
-8.342226030787433996e-12
-5.581885665842154681e-12
-3.699283621434636725e-12
-2.436581869406220971e-12
-1.595812877541796257e-12
-1.040281426192511615e-12
-7.003776856934250905e-13
-4.660525280489686152e-13
-3.062844773035681449e-13
-2.015454513257310952e-13
-1.327533857385443830e-13
-8.737164281038763698e-14
-3.547968770261237909e-09
-2.361977118936883217e-09
-1.610903326674781538e-09
-1.093191400322403423e-09
-7.323761243092089732e-10
-4.874953659929506605e-10
-3.235110986805523573e-10
-2.139732573840367958e-10
-1.412844867439417317e-10
-9.458040916994293359e-11
-6.342743702426779379e-11
-4.233205126251838081e-11
-2.801461572291774405e-11
-1.847301803932631751e-11
-1.233735566970447270e-11
-8.343858666727592062e-12
-5.582832064345765014e-12
-3.699871568428305464e-12
-2.436972855937020078e-12
-1.596076438036431438e-12
-1.040456728743453238e-12
-7.004980210964500375e-13
-4.661340742838956312e-13
-3.063375601702955767e-13
-2.015778463233348564e-13
-1.327714506979334426e-13
-8.738054466145343724e-14
-3.548107566865453450e-09
-2.362087977834439663e-09
-1.610984552812838795e-09
-1.093246070630903260e-09
-7.324102270916940203e-10
-4.875163132499104155e-10
-3.235256180009176633e-10
-2.139860608771116927e-10
-1.412979109540774740e-10
-9.459445161575555873e-11
-6.344073881341728581e-11
-4.234315287634207249e-11
-2.802269917685162327e-11
-1.847814687420678003e-11
-1.234032857666928377e-11
-8.345557817110210146e-12
-5.583823647238023354e-12
-3.700494368236516745e-12
-2.437390036796605269e-12
-1.596358184056101414e-12
-1.040643975614436231e-12
-7.006263692681936545e-13
-4.662208908026382641e-13
-3.063939571685709252e-13
-2.016121981282534420e-13
-1.327905734631401104e-13
-8.738994320048269891e-14
-3.548279787634604007e-09
-2.362218736488424231e-09
-1.611076248843746082e-09
-1.093305767743600799e-09
-7.324469467853865586e-10
-4.875393710180025353e-10
-3.235425163789234058e-10
-2.140015608652887781e-10
-1.413140553987479938e-10
-9.461084667823683710e-11
-6.345578194095887346e-11
-4.235534759489257239e-11
-2.803135165895161192e-11
-1.848352075309858507e-11
-1.234340394004170503e-11
-8.347312601892817230e-12
-5.584855945573608089e-12
-3.701150622265305548e-12
-2.437833011448754462e-12
-1.596657919189256124e-12
-1.040842999862146747e-12
-7.007625764506329683e-13
-4.663128401484581221e-13
-3.064535550314121072e-13
-2.016484245144123189e-13
-1.328107015242755291e-13
-8.739980748832396107e-14
-3.548488817797252493e-09
-2.362369372399759180e-09
-1.611177552269660824e-09
-1.093369916902618034e-09
-7.324862940105700386e-10
-4.875649920607387419e-10
-3.235624187085492175e-10
-2.140203478782127462e-10
-1.413333647445760768e-10
-9.462986182003907543e-11
-6.347268250960311044e-11
-4.236865308640474964e-11
-2.804054618324922377e-11
-1.848910668770121075e-11
-1.234655925437561966e-11
-8.349111392560314705e-12
-5.585924278431470455e-12
-3.701838864101212100e-12
-2.438301337976413407e-12
-1.596975415217935460e-12
-1.041053611118286024e-12
-7.009064709445651662e-13
-4.664097710705432247e-13
-3.065162303998947977e-13
-2.016864364872664386e-13
-1.328317782010029662e-13
-8.741010411689099524e-14
-3.548735974193620342e-09
-2.362538164611353311e-09
-1.611286727179279822e-09
-1.093437696687742584e-09
-7.325283610433086242e-10
-4.875938005436235536e-10
-3.235860922540234019e-10
-2.140430948171458075e-10
-1.413563131769249904e-10
-9.465176146817650373e-11
-6.349153997041512515e-11
-4.238306978741232223e-11
-2.805024392085193852e-11
-1.849486569795283125e-11
-1.234976960236962443e-11
-8.350941702907531502e-12
-5.587023684175055303e-12
-3.702557507295859522e-12
-2.438794495955516272e-12
-1.597310388535426571e-12
-1.041275581484684888e-12
-7.010578543436543551e-13
-4.665115131866472138e-13
-3.065818466761762528e-13
-2.017261364488229585e-13
-1.328537415668982274e-13
-8.742079656858341559e-14
-3.549018948039387860e-09
-2.362721042589150969e-09
-1.611400987645643906e-09
-1.093508044057678905e-09
-7.325733591787337911e-10
-4.876266088382768338e-10
-3.236144420122147690e-10
-2.140705422765968989e-10
-1.413833880610938264e-10
-9.467679344533402773e-11
-6.351242782673053027e-11
-4.239857557671979850e-11
-2.806039166216601684e-11
-1.850075177121982269e-11
-1.235300720981642586e-11
-8.352789948312807183e-12
-5.588148764831984378e-12
-3.703304738317609158e-12
-2.439311815890841805e-12
-1.597662456499906575e-12
-1.041508619419484649e-12
-7.012164852231033798e-13
-4.666178669702254576e-13
-3.066502480328951380e-13
-2.017674146396174906e-13
-1.328765223352947562e-13
-8.743184395409086588e-14
-3.549329622102776815e-09
-2.362910768829682514e-09
-1.611516262774265672e-09
-1.093579616787703880e-09
-7.326216124323204921e-10
-4.876643947642637455e-10
-3.236484759364854415e-10
-2.141034634156664568e-10
-1.414150606917015398e-10
-9.470516762768962934e-11
-6.353537991452297135e-11
-4.241511803026728176e-11
-2.807091795195277444e-11
-1.850671004753265760e-11
-1.235624051293275335e-11
-8.354640888734702510e-12
-5.589293330450609921e-12
-3.704078286876636939e-12
-2.439852335111663490e-12
-1.598031050178017111e-12
-1.041752317829805194e-12
-7.013820467976488752e-13
-4.667285839139369402e-13
-3.067212475097073793e-13
-2.018101420270675848e-13
-1.329000396156782378e-13
-8.744319847963166755e-14
-3.549651051827645600e-09
-2.363095821826514705e-09
-1.611626788273492203e-09
-1.093650620964427571e-09
-7.326734412951804138e-10
-4.877081960559568370e-10
-3.236892134154441476e-10
-2.141425923238819939e-10
-1.414517344708465005e-10
-9.473702091845898437e-11
-6.356036862570548825e-11
-4.243260201824152193e-11
-2.808172652014876883e-11
-1.851267338441129149e-11
-1.235943221076598512e-11
-8.356476422973638436e-12
-5.590449637480593635e-12
-3.704874947990782104e-12
-2.440414504227440888e-12
-1.598415237972101264e-12
-1.042006049192245269e-12
-7.015540815191046207e-13
-4.668433263343587098e-13
-3.067946027918958516e-13
-2.018541557608018762e-13
-1.329241922069417481e-13
-8.745480025213540962e-14
-3.549952836346123581e-09
-2.363258442999495913e-09
-1.611724138106161436e-09
-1.093718237433450921e-09
-7.327287636669756862e-10
-4.877588147848176218e-10
-3.237374719768944150e-10
-2.141884767215245856e-10
-1.414936469416600493e-10
-9.477235408262081710e-11
-6.358726618185757905e-11
-4.245086719271199843e-11
-2.809268369474252234e-11
-1.851855529585577416e-11
-1.236253507060845808e-11
-8.358272966119600372e-12
-5.591606750714041432e-12
-3.705689572319761839e-12
-2.440995575170820541e-12
-1.598813360212308880e-12
-1.042268748808982547e-12
-7.017318560940600371e-13
-4.669615844551011809e-13
-3.068699662085050023e-13
-2.018992291103856061e-13
-1.329488405994454921e-13
-8.746656656039399332e-14
-3.550183339637625643e-09
-2.363370791839054403e-09
-1.611794977414862610e-09
-1.093777177098633987e-09
-7.327861193831302582e-10
-4.878161538848041055e-10
-3.237934255918265644e-10
-2.142411910463486851e-10
-1.415406872112121933e-10
-9.481091684453961060e-11
-6.361577445994770414e-11
-4.246964653105413985e-11
-2.810359448879817068e-11
-1.852423609999858193e-11
-1.236548356581056581e-11
-8.359996222624015136e-12
-5.592747305475877121e-12
-3.706513090937627614e-12
-2.441590413626765130e-12
-1.599222323651487246e-12
-1.042538497695413887e-12
-7.019141021261935778e-13
-4.670825171759623390e-13
-3.069467886993984416e-13
-2.019450137551798977e-13
-1.329737725082601937e-13
-8.747837145075510211e-14
-3.550258200457557382e-09
-2.363388870842542779e-09
-1.611817361739521691e-09
-1.093817298033789017e-09
-7.328411133315529522e-10
-4.878782077930382466e-10
-3.238559624682971260e-10
-2.142999344585091862e-10
-1.415921476876810525e-10
-9.485205523712514351e-11
-6.364533352049110452e-11
-4.248851318059768517e-11
-2.811417242242685855e-11
-1.852954572360492264e-11
-1.236818366140504673e-11
-8.361594896052250355e-12
-5.593843671489254865e-12
-3.707330215016591837e-12
-2.442190142716554146e-12
-1.599636812535627347e-12
-1.042812064991793602e-12
-7.020987346078409256e-13
-4.672047804134352515e-13
-3.070242169457757514e-13
-2.019909786614009190e-13
-1.329986671169378958e-13
-8.749002522115363643e-14
-3.550083920332665052e-09
-2.363268863469564139e-09
-1.611771683950693752e-09
-1.093830727481897070e-09
-7.328909329242912387e-10
-4.879439048816829765e-10
-3.239244717580518948e-10
-2.143641494569547404e-10
-1.416474238900117934e-10
-9.489516047414659719e-11
-6.367541322494513894e-11
-4.250707001049277208e-11
-2.812416132259360513e-11
-1.853434085953689451e-11
-1.237056172992151657e-11
-8.363031826374537094e-12
-5.594877370988283672e-12
-3.708131358850157890e-12
-2.442789409474815514e-12
-1.600053691542773291e-12
-1.043087559115337238e-12
-7.022845139023586039e-13
-4.673275511144810666e-13
-3.071017134186807057e-13
-2.020367868114352780e-13
-1.330233250409377396e-13
-8.750141540381083899e-14
