-6.881503761485002267e-09
-4.861896405731184590e-09
-3.484890575841160508e-09
-2.477423427632811425e-09
-1.734359245415990002e-09
-1.200062655736712726e-09
-8.216961533513447705e-10
-5.556730361073560754e-10
-3.710353602710560256e-10
-2.480100441779799073e-10
-1.641145897119742786e-10
-1.067739825407607125e-10
-6.798661655122513464e-11
-4.258669458322945914e-11
-2.680188219003113082e-11
-1.700736285483296668e-11
-1.059072148524330668e-11
-6.493251846118973460e-12
-3.949658372163528033e-12
-2.393407302437031658e-12
-1.451691058864975048e-12
-9.257306864109724237e-13
-5.863479417300021695e-13
-3.686395048797619363e-13
-2.338049522645364296e-13
-1.493448433803639550e-13
-9.579458251432341038e-14
-7.577687777792564471e-09
-5.340455688361250996e-09
-3.818674062904129697e-09
-2.707794414958177888e-09
-1.890445742231278620e-09
-1.304350586073058157e-09
-8.905177056031735414e-10
-6.004194923326566516e-10
-3.996696767345398171e-10
-2.663212303381550696e-10
-1.756539374811259845e-10
-1.138715711368405394e-10
-7.221468947329444610e-11
-4.503455835714295154e-11
-2.821292682653408481e-11
-1.782060399245339469e-11
-1.104141101877800326e-11
-6.733464958577275582e-12
-4.073834203169957471e-12
-2.455980500539685355e-12
-1.482673575980764612e-12
-9.422290163559108571e-13
-5.949404796539919268e-13
-3.730058052538060474e-13
-2.360378744183124539e-13
-1.504900194817969880e-13
-9.638010854719815816e-14
-8.354237027169444704e-09
-5.873974793957589155e-09
-4.189732376767431126e-09
-2.962663132535171957e-09
-2.062001516068309903e-09
-1.418105899843310602e-09
-9.650113842859160983e-10
-6.485162115557792063e-10
-4.302731344908483202e-10
-2.858161775178079919e-10
-1.879089983037151595e-10
-1.213998872266052062e-10
-7.669916578256590906e-11
-4.763413170836853949e-11
-2.971484597632280079e-11
-1.868860999658244299e-11
-1.152392014111774480e-11
-6.991360823263031665e-12
-4.207402069671100961e-12
-2.523325318269144558e-12
-1.515998079675167976e-12
-9.599564784800298848e-13
-6.041629628145607887e-13
-3.776879735776826484e-13
-2.384318723687931962e-13
-1.517190014556951380e-13
-9.701003504479400378e-14
-9.325425909836281832e-09
-6.537342836702774041e-09
-4.645658161390490543e-09
-3.270536335067348703e-09
-2.264717883390050516e-09
-1.549134155894177079e-09
-1.048542142001518588e-09
-7.010541983259770728e-10
-4.629257432400008739e-10
-3.062408055504832563e-10
-2.005699580222851765e-10
-1.290978331400095549e-10
-8.125436108518676331e-11
-5.026762350484449254e-11
-3.123758865210080855e-11
-1.957108332273443404e-11
-1.201625841749507293e-11
-7.255391141276250846e-12
-4.344375229304590739e-12
-2.592330967654930479e-12
-1.550037416140890646e-12
-9.779995690005967762e-13
-6.135133914265340922e-13
-3.824180790349387621e-13
-2.408453429362196898e-13
-1.529584385538617432e-13
-9.764756708800217521e-14
-1.090440895957286203e-08
-7.602680806141021437e-09
-5.363097457254574390e-09
-3.741435389200257170e-09
-2.563318613254624431e-09
-1.733414586341420774e-09
-1.159959193306976793e-09
-7.672294250724701924e-10
-5.017442734433115216e-10
-3.293247320000956665e-10
-2.142645301123638101e-10
-1.371195893706531984e-10
-8.586159534094699260e-11
-5.287681246575304987e-11
-3.272972773448931584e-11
-2.043168956834975334e-11
-1.249520839451252129e-11
-7.511630696847665953e-12
-4.476704554524451263e-12
-2.658465194190478455e-12
-1.582301659924355244e-12
-9.949331761898020706e-13
-6.222013486254085713e-13
-3.867727901945431380e-13
-2.430542516654565616e-13
-1.540919914696137729e-13
-9.823401644468044840e-14
-1.394217666609310746e-08
-9.651460119838664006e-09
-6.733065992371269892e-09
-4.628593155217544087e-09
-3.113879862134208079e-09
-2.062760848279709462e-09
-1.350906777913630433e-09
-8.747358189322539777e-10
-5.608958349995900831e-10
-3.622349477088952246e-10
-2.325020855125705122e-10
-1.470961268323619823e-10
-9.122592806417658131e-11
-5.574477696922230676e-11
-3.430035109397078349e-11
-2.130943263810664117e-11
-1.297007030630827328e-11
-7.758747470284468692e-12
-4.600647122810545963e-12
-2.718454174396573743e-12
-1.610604692898688682e-12
-1.009413679379646429e-12
-6.294539666678024007e-13
-3.903310398167868436e-13
-2.448341824321011429e-13
-1.550025611222708483e-13
-9.870994559524164166e-14
-1.916870589032572735e-08
-1.325883101700520604e-08
-9.185183716476881790e-09
-6.236893219722051008e-09
-4.121054387026507656e-09
-2.667538912525123065e-09
-1.700483259881430638e-09
-1.069312083721746203e-09
-6.656810447776194437e-10
-4.188073765235757140e-10
-2.626586939544983808e-10
-1.628155893314777343e-10
-9.920146888212592786e-11
-5.974198166873461054e-11
-3.635597862364658909e-11
-2.239324692328232631e-11
-1.352102708785985843e-11
-8.026783220538094574e-12
-4.725747961304772652e-12
-2.774584272911445009e-12
-1.635169347662554618e-12
-1.021320257364254372e-12
-6.351293300592520598e-13
-3.929974273048529685e-13
-2.461306032822947015e-13
-1.556607240713855364e-13
-9.905996119558758253e-14
-2.599905516731360188e-08
-1.820038612177147298e-08
-1.267274774792839751e-08
-8.603123662718323665e-09
-5.650446141622017051e-09
-3.612019368025729970e-09
-2.259462422727128451e-09
-1.386320905262198289e-09
-8.386157485237114616e-10
-5.126999730695442808e-10
-3.126639017495579637e-10
-1.886716051752758192e-10
-1.120965328499094879e-10
-6.602552526746618739e-11
-3.946904562901705525e-11
-2.396396627179727621e-11
-1.427583218491001169e-11
-8.369054417233021534e-12
-4.872643277112838195e-12
-2.834442381787232147e-12
-1.658816788029650004e-12
-1.031945930985050510e-12
-6.398485550558039536e-13
-3.950802948320724376e-13
-2.471019138547963533e-13
-1.561475412497377401e-13
-9.932437423213837118e-14
-3.258538959007171712e-08
-2.331589117955751514e-08
-1.649607286576811902e-08
-1.133551772565192447e-08
-7.505133167417798524e-09
-4.809715783877225106e-09
-2.997041063850906244e-09
-1.819496528149217525e-09
-1.082068649229867916e-09
-6.478759337828547316e-10
-3.858960597380942555e-10
-2.270062408717469074e-10
-1.313418376475259302e-10
-7.539085871847237022e-11
-4.406051480585179956e-11
-2.623774684280775621e-11
-1.533700925107402886e-11
-8.830370296665197770e-12
-5.059783522895689770e-12
-2.905456111604025868e-12
-1.684650622050208962e-12
-1.042840452556714788e-12
-6.444062665010820548e-13
-3.969900082783881363e-13
-2.479626045869227082e-13
-1.565735431359319247e-13
-9.955827351610749746e-14
-3.736480905028737272e-08
-2.740811175553813107e-08
-1.980309788040950285e-08
-1.386975323647215530e-08
-9.340692885309484519e-09
-6.067068980622042947e-09
-3.813174552630596660e-09
-2.321712234498111439e-09
-1.376021316756399264e-09
-8.163745692361055631e-10
-4.795883912859054695e-10
-2.771182384935101182e-10
-1.569286252957923383e-10
-8.797399821429109153e-11
-5.024544234489899866e-11
-2.928652361559910725e-11
-1.674315937066640800e-11
-9.429175374892312809e-12
-5.295404660880487090e-12
-2.991270847062284737e-12
-1.714364693658138585e-12
-1.054912894721836902e-12
-6.492941141032380949e-13
-3.989891112259093554e-13
-2.488520121613684892e-13
-1.570107413449696726e-13
-9.979726171971922444e-14
-4.000374066602137305e-08
-2.999784345846110367e-08
-2.212607573614683494e-08
-1.581706590097931049e-08
-1.087045284128204440e-08
-7.194003337283690411e-09
-4.593383258343645847e-09
-2.830055761602083182e-09
-1.688768544061249455e-09
-1.002871022748329574e-09
-5.867364382379394920e-10
-3.360362364340309042e-10
-1.877113858779492187e-10
-1.033695530384139781e-10
-5.788165592164049322e-11
-3.305907474179805583e-11
-1.847748953092728989e-11
-1.016064147953942327e-11
-5.578461588706317058e-12
-3.091926713162598584e-12
-1.748214012648483336e-12
-1.068380843647302195e-12
-6.546609353913617195e-13
-4.011674457342777339e-13
-2.498203627578153413e-13
-1.574853463071223929e-13
-1.000539357469579568e-13
-4.104523109597345070e-08
-3.128557725308324106e-08
-2.346908683194914090e-08
-1.708396360202096532e-08
-1.197106932058427279e-08
-8.078780620740389477e-09
-5.254478882076476672e-09
-3.290685830953814697e-09
-1.989229402859556740e-09
-1.190598745566772468e-09
-6.988629627909203699e-10
-3.997670938171376076e-10
-2.219530245374807987e-10
-1.208667960514125099e-10
-6.667627618624089593e-11
-3.743090450884501861e-11
-2.049007359178800514e-11
-1.100604847265417745e-11
-5.902402354876564254e-12
-3.205335020901498696e-12
-1.785602385427756005e-12
-1.083049825214401150e-12
-6.604493894881963840e-13
-4.035101316097435840e-13
-2.508636408497776827e-13
-1.579957513131248912e-13
-1.003270595337223295e-13
-4.120515738851353635e-08
-3.173316407193303856e-08
-2.409123509840225859e-08
-1.778354049690985811e-08
-1.266388864405475533e-08
-8.697934647319068968e-09
-5.760267273567599833e-09
-3.671353814563686504e-09
-2.254683137664265539e-09
-1.365572749521105768e-09
-8.081476016216203887e-10
-4.643007315740972892e-10
-2.577710464677350951e-10
-1.396416889146934914e-10
-7.627091132499912167e-11
-4.224349428579180158e-11
-2.271514150370896492e-11
-1.194003263562492642e-11
-6.258107719662293352e-12
-3.328456531443218519e-12
-1.825569635674857541e-12
-1.098552343180713885e-12
-6.665159416261294158e-13
-4.059583332806711160e-13
-2.519549949743836214e-13
-1.585287107057256434e-13
-1.006097326466218601e-13
-4.100075039836348356e-08
-3.175144505264087799e-08
-2.428419773557603503e-08
-1.809814258869599141e-08
-1.304370657554739956e-08
-9.087043077534946925e-09
-6.113792171712005568e-09
-3.962003014760484123e-09
-2.473193958712840046e-09
-1.518545790520856561e-09
-9.086173944089229852e-10
-5.262329397065537671e-10
-2.934276621267636672e-10
-1.588820251210509785e-10
-8.629574745186707696e-11
-4.732838525282379077e-11
-2.508129888027334095e-11
-1.293472692422174098e-11
-6.635528467422513880e-12
-3.457948654557857921e-12
-1.867058456664833945e-12
-1.114479242953867822e-12
-6.726971296004490959e-13
-4.084429688246736709e-13
-2.530621829637162618e-13
-1.590682952004666792e-13
-1.008938663567987182e-13
-4.070769669129179710e-08
-3.160149899506464652e-08
-2.426593802041501650e-08
-1.819042718147449273e-08
-1.321704814526034091e-08
-9.305121640604610799e-09
-6.340549909365262752e-09
-4.168721887006790701e-09
-2.642332347501992966e-09
-1.645169365733403127e-09
-9.965429547648143382e-10
-5.830611482585602365e-10
-3.274919194441840991e-10
-1.778619791559896993e-10
-9.640179237665210212e-11
-5.252110653420663792e-11
-2.751715934478901001e-11
-1.396191275427024418e-11
-7.024487210539315878e-12
-3.590465791007174852e-12
-1.909033314407124163e-12
-1.130437224081672193e-12
-6.788383481076646279e-13
-4.108993262077698356e-13
-2.541551255788299961e-13
-1.595997420210643078e-13
-1.011720746409654695e-13
-4.044001794676495460e-08
-3.141611866220654595e-08
-2.416660627444584896e-08
-1.817316903008310067e-08
-1.327045144683981754e-08
-9.410004878035950416e-09
-6.473253948395905066e-09
-4.306145019907792738e-09
-2.766204349113065062e-09
-1.745088794908141518e-09
-1.070291788165403093e-09
-6.332405980829662914e-10
-3.589078447824036981e-10
-1.959818552125434084e-10
-1.062794827246371179e-10
-5.766928545865686429e-11
-2.995453225787647971e-11
-1.499416318512239799e-11
-7.415065892132071558e-12
-3.722787877055411060e-12
-1.950525225343173164e-12
-1.146068948946543669e-12
-6.848034792906663711e-13
-4.132718666751354555e-13
-2.552083689496802563e-13
-1.601106862716869285e-13
-1.014382515301325654e-13
-4.022983876867401357e-08
-3.124971608677711663e-08
-2.405165748438336365e-08
-1.811275908664483063e-08
-1.326276462590843378e-08
-9.447222500822023912e-09
-6.542295834620072012e-09
-4.391300791783063423e-09
-2.852329271120440198e-09
-1.820630589854989749e-09
-1.129886042616013956e-09
-6.760849025974152797e-10
-3.869960709128215950e-10
-2.127831890375552018e-10
-1.156683024702989803e-10
-6.263730229550522960e-11
-3.233032577502388284e-11
-1.600551250053581831e-11
-7.797812423734760668e-12
-3.851876053079854826e-12
-1.990645062170315799e-12
-1.161057141496480787e-12
-6.904762615609229799e-13
-4.155147738036397978e-13
-2.562013385053782311e-13
-1.605912627227778255e-13
-1.016875898603957890e-13
-4.007598685750522239e-08
-3.111764803368388782e-08
-2.394847150706291163e-08
-1.804332232386410112e-08
-1.322928188582810753e-08
-9.448098165799694300e-09
-6.571650738618496434e-09
-4.439851471036479497e-09
-2.909195002175033270e-09
-1.875537536125451807e-09
-1.176463815078537103e-09
-7.115838801981603736e-10
-4.114117892278111723e-10
-2.279461186874748414e-10
-1.243599533892687046e-10
-6.730863734053432823e-11
-3.458770128801156281e-11
-1.697189720666019375e-11
-8.163874274474180179e-12
-3.974901795752000419e-12
-2.028585678925578932e-12
-1.175122959145372902e-12
-6.957586729181810749e-13
-4.175909534509653390e-13
-2.571177885478378104e-13
-1.610338009296928917e-13
-1.019164047966508878e-13
-3.996732887534633557e-08
-3.101905139278238051e-08
-2.386525080143982316e-08
-1.797994128482857353e-08
-1.318901234124297599e-08
-9.432147068814217485e-09
-6.578314833816641964e-09
-4.464436100473739096e-09
-2.944724458518134218e-09
-1.913985322946596180e-09
-1.211776756405845818e-09
-7.401955809027186895e-10
-4.320782886989568282e-10
-2.412745196618759750e-10
-1.321967159516646160e-10
-7.158650261430029747e-11
-3.667671296545071322e-11
-1.787146731705514514e-11
-8.505102040598717271e-12
-4.089268354402412598e-12
-2.063621329945575157e-12
-1.188023009646525309e-12
-7.005686005389268617e-13
-4.194706579042886792e-13
-2.579450573345070905e-13
-1.614324262154880012e-13
-1.021219173115789792e-13
-3.989206004628838857e-08
-3.094793266956479956e-08
-2.380188444810391415e-08
-1.792775954111416653e-08
-1.315106734559023620e-08
-9.410542398134286263e-09
-6.573412715758635615e-09
-4.474392551116675918e-09
-2.965535906311537394e-09
-1.939941235813106593e-09
-1.237792163299893361e-09
-7.626510886879865420e-10
-4.491115577628771955e-10
-2.526736974239583172e-10
-1.390663622629733808e-10
-7.539316968302657873e-11
-3.855455502278216117e-11
-1.868480778466512175e-11
-8.814138269334026119e-12
-4.192631109180119007e-12
-2.095107470009274540e-12
-1.199546650231005693e-12
-7.048376635331714227e-13
-4.211301863276014366e-13
-2.586733627916124374e-13
-1.617826859066268153e-13
-1.023020555927330379e-13
-3.984057880828755294e-08
-3.089779381920103278e-08
-2.375539306767833897e-08
-1.788732950689731396e-08
-1.311911512568630243e-08
-9.389159090427286918e-09
-6.563760550691552622e-09
-4.476178623065972443e-09
-2.976749908594856605e-09
-1.956822498010699119e-09
-1.256417724802614221e-09
-7.797930550890971898e-10
-4.627470576026313513e-10
-2.621246923068680997e-10
-1.448948554072640754e-10
-7.866834955496503234e-11
-4.018550136189349521e-11
-1.939508659827235207e-11
-9.084494936647750140e-12
-4.282918107792441838e-12
-2.122481667117536860e-12
-1.209514018737463105e-12
-7.085094488693781587e-13
-4.225508031197814122e-13
-2.592952131837892560e-13
-1.620812378396156607e-13
-1.024552913574005346e-13
-3.980586482638849998e-08
-3.086320538960689824e-08
-2.372234812089342659e-08
-1.785743205729141374e-08
-1.309411367274438178e-08
-9.370777632605499575e-09
-6.553289400842235750e-09
-4.474027543608862359e-09
-2.982101947908937530e-09
-1.967370604831057983e-09
-1.269336255850746831e-09
-7.924549433876746387e-10
-4.732755214602949776e-10
-2.696584313592838391e-10
-1.496379784425838355e-10
-8.136698032660374820e-11
-4.154062271537172381e-11
-1.998814273529655367e-11
-9.310619988038846127e-12
-4.358350336679631204e-12
-2.145265515315264019e-12
-1.217774795846957289e-12
-7.115381812752600841e-13
-4.237178906796198001e-13
-2.598049417588015701e-13
-1.623256048333941453e-13
-1.025805117534570860e-13
-3.978307944836741609e-08
-3.084011652428741505e-08
-2.369979658841957910e-08
-1.783643275493384434e-08
-1.307584708099149374e-08
-9.356513353518823242e-09
-6.544131120786646124e-09
-4.470585966861721428e-09
-2.984182477019172164e-09
-1.973656462735174371e-09
-1.277923722186998016e-09
-8.013786071207123860e-10
-4.809909533825488405e-10
-2.753320329643922509e-10
-1.532728727969186829e-10
-8.345675723193099798e-11
-4.259736544628451438e-11
-2.045252612381737535e-11
-9.487952185803811453e-12
-4.417460601735240328e-12
-2.163067116025609308e-12
-1.224207536095318965e-12
-7.138877655897164081e-13
-4.246203111049133385e-13
-2.601983528832071910e-13
-1.625139881253096790e-13
-1.026769225228415807e-13
-3.976904671879115822e-08
-3.082572767691125343e-08
-2.368552230869940166e-08
-1.782287185373692725e-08
-1.306373069522360659e-08
-9.346675900003380030e-09
-6.537364784522080654e-09
-4.467429960717398832e-09
-2.984694805727952606e-09
-1.977148231700592056e-09
-1.283221526342792595e-09
-8.071629686248756432e-10
-4.861513682939013405e-10
-2.792087451827598732e-10
-1.557902910123699747e-10
-8.491571544520937963e-11
-4.333907873746104903e-11
-2.077950446025697639e-11
-9.612964382894494603e-12
-4.459110064911518662e-12
-2.175583697295471616e-12
-1.228719385763675080e-12
-7.155311231128729825e-13
-4.252499406618434611e-13
-2.604724613214534273e-13
-1.626451299072938484e-13
-1.027439769240109693e-13
-3.976182815951376118e-08
-3.081827144699104756e-08
-2.367805359720944587e-08
-1.781568798619239879e-08
-1.305720655749833887e-08
-9.341255450834077911e-09
-6.533491281139020529e-09
-4.465436047289292551e-09
-2.984674247651193667e-09
-1.978795155372789475e-09
-1.285938008687516072e-09
-8.102350851018352503e-10
-4.889512198485241097e-10
-2.813423104274088594e-10
-1.571881648699099733e-10
-8.573012470260757875e-11
-4.375456777838400412e-11
-2.096305093461206223e-11
-9.683195471911551133e-12
-4.482501576007646577e-12
-2.182603978617562007e-12
-1.231246023792762770e-12
-7.164497524007784336e-13
-4.256013454295133341e-13
-2.606253088305872626e-13
-1.627182165994361213e-13
-1.027813258634552640e-13
-3.976043591957618707e-08
-3.081682882091602507e-08
-2.367660252938963605e-08
-1.781428483490152741e-08
-1.305592341517220302e-08
-9.340179066614057855e-09
-6.532710083170686913e-09
-4.465018891869788185e-09
-2.984644825319854645e-09
-1.979098942035039001e-09
-1.286460472266634469e-09
-8.108356446188469625e-10
-4.895038363521553766e-10
-2.817660939566265589e-10
-1.574669136150363620e-10
-8.589290148828025762e-11
-4.383773965720266828e-11
-2.099982629175458780e-11
-9.697271823259940542e-12
-4.487189242953384029e-12
-2.184009990359675755e-12
-1.231751698610730016e-12
-7.166334584597038764e-13
-4.256715719315992592e-13
-2.606558447976029866e-13
-1.627328158694215858e-13
-1.027887854932853083e-13
-3.976468043475024441e-08
-3.082122192996281586e-08
-2.368101475001284711e-08
-1.781854331874013804e-08
-1.305980819428790847e-08
-9.343426921605689705e-09
-6.535054602955098093e-09
-4.466255199282675964e-09
-2.984706700157696511e-09
-1.978157409310633429e-09
-1.284865578617677269e-09
-8.090129203788080453e-10
-4.878322711738476021e-10
-2.804870548263445377e-10
-1.566267583176421202e-10
-8.540268098412063997e-11
-4.358739034563656000e-11
-2.088916532653589392e-11
-9.654918908375471478e-12
-4.473083864628122830e-12
-2.179778150980704577e-12
-1.230229277876375263e-12
-7.160802152081263536e-13
-4.254600368336774490e-13
-2.605638629593754001e-13
-1.626888432268520858e-13
-1.027663200456377177e-13
-3.977514043823238278e-08
-3.083199217349421677e-08
-2.369175811410398727e-08
-1.782882200289169756e-08
-1.306907790628841176e-08
-9.351053278447896099e-09
-6.540417576149026347e-09
-4.468907646156232007e-09
-2.984553565534875308e-09
-1.975673486873731775e-09
-1.280921724175447020e-09
-8.046217350330886035e-10
-4.838675302401088840e-10
-2.774845439552433190e-10
-1.546671788602268724e-10
-8.426362763547184597e-11
-4.300716061700641115e-11
-2.063307380377857843e-11
-9.556963561620836396e-12
-4.440454012242281157e-12
-2.169979482704937907e-12
-1.226700258586157332e-12
-7.147961380267786796e-13
-4.249685049122543234e-13
-2.603499887677171848e-13
-1.625865553570146031e-13
-1.027140384097282741e-13
-3.979325348764728587e-08
-3.085046545918074389e-08
-2.370995540721643044e-08
-1.784595371284886438e-08
-1.308420131715814413e-08
-9.363120998394457045e-09
-6.548472906774124825e-09
-4.472351959463676577e-09
-2.983420186375670345e-09
-1.970928393443905683e-09
-1.274082191333657557e-09
-7.973267571434605023e-10
-4.774539672930231604e-10
-2.727139264641732657e-10
-1.515885425256495901e-10
-8.248600144468852601e-11
-4.210566720051072289e-11
-2.023623732582048671e-11
-9.405327099567728875e-12
-4.389922765230367215e-12
-2.154778960784873352e-12
-1.221214735871476165e-12
-7.127955659483967385e-13
-4.242011551441731785e-13
-2.600157173113169200e-13
-1.624265701350522495e-13
-1.026322044126621716e-13
-3.982153391073250250e-08
-3.087889988839263863e-08
-2.373744541696156587e-08
-1.787121413287540880e-08
-1.310578209671915690e-08
-9.379523126299217075e-09
-6.558474880212574893e-09
-4.475398210741276005e-09
-2.979959926229285198e-09
-1.962722783553492222e-09
-1.263472795194493864e-09
-7.866121911444918219e-10
-4.683624791128111650e-10
-2.661150387569558214e-10
-1.473958194035293082e-10
-8.008743017378364895e-11
-4.089679109081237699e-11
-1.970603795990395418e-11
-9.203008801043402409e-12
-4.322460149058749472e-12
-2.134434038233979948e-12
-1.213851348767331952e-12
-7.101012613294397669e-13
-4.231647385529478525e-13
-2.595635036586833193e-13
-1.622099143117402101e-13
-1.025212613344835824e-13
-3.986393014434709622e-08
-3.092069593824792832e-08
-2.377682404647097893e-08
-1.790619440783952229e-08
-1.313428874882534951e-08
-9.399625678602570921e-09
-6.568890668640588567e-09
-4.475988681091355508e-09
-2.972055171080880590e-09
-1.949296542405176702e-09
-1.247883238485731113e-09
-7.718026385100824216e-10
-4.563128758894116180e-10
-2.576254736994545012e-10
-1.421041909533020887e-10
-7.709477936827535043e-11
-3.940008583069271635e-11
-1.905257100958941683e-11
-8.954059364606866938e-12
-4.239371644331342251e-12
-2.109292530295994019e-12
-1.204717281547078793e-12
-7.067447607372233849e-13
-4.218688431859232934e-13
-2.589969132826593144e-13
-1.619381028573416710e-13
-1.023818727698865969e-13
-3.992630863271247735e-08
-3.098059450618847836e-08
-2.383134279475517219e-08
-1.795242929438159778e-08
-1.316948493631318858e-08
-9.421615759835563642e-09
-6.576799165317387730e-09
-4.470754274293183898e-09
-2.956574192739172315e-09
-1.928248396127408112e-09
-1.225777504637662870e-09
-7.521021741582260486e-10
-4.410071201952917098e-10
-2.471984983495755052e-10
-1.357462033438279180e-10
-7.354644233595137484e-11
-3.764124601197265166e-11
-1.828864925373765397e-11
-8.663543269125448846e-12
-4.142283130574291168e-12
-2.079790069856727478e-12
-1.193948412761197494e-12
-7.027669173744264919e-13
-4.203262850268784155e-13
-2.583208421258052564e-13
-1.616132550112883152e-13
-1.022149825385910342e-13
-4.001695782064820492e-08
-3.106464961712185919e-08
-2.390438646531617725e-08
-1.801048885747003481e-08
-1.320930711532173048e-08
-9.441383408893612444e-09
-6.576980643093241617e-09
-4.454430836064472250e-09
-2.929112367203797873e-09
-1.896492393350014510e-09
-1.195345330339362730e-09
-7.266602131129816931e-10
-4.221749265403668129e-10
-2.348250789468827661e-10
-1.283799628237769624e-10
-6.949482083267893472e-11
-3.565256518032020543e-11
-1.742978159100073516e-11
-8.337489815041150684e-12
-4.033123091137819013e-12
-2.046447515083118857e-12
-1.181709773097528708e-12
-6.982187041378648746e-13
-4.185536563942477568e-13
-2.575418220922836688e-13
-1.612382553262567347e-13
-1.020218981060810568e-13
-4.014672587952755686e-08
-3.117943379491027839e-08
-2.399793952722911135e-08
-1.807799830837656948e-08
-1.324779432823174166e-08
-9.450726227605219124e-09
-6.560653184742522359e-09
-4.419191904859921539e-09
-2.883798299435521801e-09
-1.850308554577596982e-09
-1.154622252546552840e-09
-6.946724515823338490e-10
-3.996320797454127867e-10
-2.205588849170840954e-10
-1.200976613083160552e-10
-6.500870513209503022e-11
-3.347329777722436933e-11
-1.649411041479875928e-11
-7.982832251360049223e-12
-3.914102860230469733e-12
-2.009868683964446135e-12
-1.168196471820042263e-12
-6.931623466465450626e-13
-4.165720639913793210e-13
-2.566684283327656739e-13
-1.608169684670374940e-13
-1.018044023424059675e-13
-4.032770877313187869e-08
-3.132924314821337862e-08
-2.410889545317071062e-08
-1.814570509986273380e-08
-1.327155241966813407e-08
-9.434713817836445457e-09
-6.513935508943987732e-09
-4.354067378929405726e-09
-2.813307797836351736e-09
-1.785565674797918881e-09
-1.101707244667320721e-09
-6.555222215139270410e-10
-3.733497735203084444e-10
-2.045424101079224943e-10
-1.110335466212666993e-10
-6.017523413134457891e-11
-3.114984163945899938e-11
-1.550229530546817599e-11
-7.607335796391421523e-12
-3.787696137527359057e-12
-1.970738911446390327e-12
-1.153635290613528450e-12
-6.876728676278029553e-13
-4.144080925117975703e-13
-2.557118061777314155e-13
-1.603545174091646645e-13
-1.015648991411283076e-13
-4.056784636910639930e-08
-3.150878247050989241e-08
-2.422124156051688585e-08
-1.819038780321748837e-08
-1.325430983899539702e-08
-9.368330008691723589e-09
-6.416404040293573944e-09
-4.244800197220479711e-09
-2.709298384237133387e-09
-1.698204124620605816e-09
-1.035099346814768866e-09
-6.089604932166964825e-10
-3.435300278709575935e-10
-1.870314207517638855e-10
-1.013702589295941172e-10
-5.510108252249313177e-11
-2.873565349225721853e-11
-1.447732942678541779e-11
-7.219514460698051611e-12
-3.656618496564851158e-12
-1.929824697314637141e-12
-1.138287031227031695e-12
-6.818400680435085830e-13
-4.120950017207039703e-13
-2.546863214511716630e-13
-1.598576277506675840e-13
-1.013065952331064667e-13
-4.085582248333120888e-08
-3.168693061408573985e-08
-2.429143362422142810e-08
-1.816360033545710989e-08
-1.314982106281026688e-08
-9.213261299483549876e-09
-6.240626990060192091e-09
-4.074721154349201222e-09
-2.563519987466605117e-09
-1.585048142876580972e-09
-9.541529222623766520e-10
-5.553111412894706913e-10
-3.106782760369366324e-10
-1.684140890388067309e-10
-9.134235137942475956e-11
-4.991252640659696886e-11
-2.629081733623133529e-11
-1.344427622596159098e-11
-6.828535830474970660e-12
-3.523806898173984595e-12
-1.887974296654960504e-12
-1.122449466989004394e-12
-6.757708400586048755e-13
-4.096740952749404279e-13
-2.536103012491153641e-13
-1.593350222394961318e-13
-1.010337116076534531e-13
-4.112653559540178815e-08
-3.177594548572585400e-08
-2.422516694372444504e-08
-1.797720806765199498e-08
-1.288540332570204391e-08
-8.917127204194286023e-09
-5.954236835623850075e-09
-3.827381392632792909e-09
-2.369806465912039395e-09
-1.444947073332491109e-09
-8.596105104648056999e-10
-4.956719304825090517e-10
-2.756597499693428050e-10
-1.492203505036498390e-10
-8.123569221205311692e-11
-4.475400642133330445e-11
-2.388116502003746448e-11
-1.242989997902410500e-11
-6.444105337369197449e-12
-3.392395684089984173e-12
-1.846117543222826859e-12
-1.106459962408876535e-12
-6.695913062167731526e-13
-4.071959949420765484e-13
-2.525067265464685592e-13
-1.587977956630305371e-13
-1.007516912770152641e-13
-4.119643100211937124e-08
-3.158470287025991306e-08
-2.384997078229925714e-08
-1.749244140608138271e-08
-1.236233463477011609e-08
-8.419334794025729385e-09
-5.526563277362790755e-09
-3.491530787423933175e-09
-2.126921007753417248e-09
-1.280106588155416130e-09
-7.541140196702537689e-10
-4.320633869097022007e-10
-2.397222484524037717e-10
-1.301163889502196392e-10
-7.138130143796394372e-11
-3.978472065511165318e-11
-2.157678879872753036e-11
-1.146212908706188673e-11
-6.076304365404151525e-12
-3.265677749221561842e-12
-1.805259716584984158e-12
-1.090695045711646659e-12
-6.634473600277964150e-13
-4.047210803652269214e-13
-2.514034917028245319e-13
-1.582595735341376624e-13
-1.004673066824756717e-13
-4.067540924166610986e-08
-3.077500821299638576e-08
-2.290480654791672512e-08
-1.652978527864432327e-08
-1.147409263963383341e-08
-7.668665063342526495e-09
-4.941199952619316464e-09
-3.068225968278157690e-09
-1.841750264754323859e-09
-1.097267779121230730e-09
-6.425272328208679917e-10
-3.674600757641245454e-10
-2.044642198656843934e-10
-1.118781674852769455e-10
-6.214163001464928023e-11
-3.517243329226962770e-11
-1.944958898943725250e-11
-1.056919288868389919e-11
-5.735312235321668126e-12
-3.147020607276330606e-12
-1.766456066648829251e-12
-1.075560108227325145e-12
-6.575000899028744829e-13
-4.023172860109171207e-13
-2.503322919571886787e-13
-1.577359722346471287e-13
-1.001884255936950510e-13
-3.892569835703459498e-08
-2.888603067606841045e-08
-2.109331051826230536e-08
-1.492643739111612447e-08
-1.015344719308030192e-08
-6.654466605138710899e-09
-4.212917072949814513e-09
-2.578171356340238496e-09
-1.531659766248515553e-09
-9.081689074551346760e-10
-5.318428201465950628e-10
-3.056252427448687377e-10
-1.717233078803730616e-10
-9.533580832170028617e-11
-5.388589321218857918e-11
-3.108285313501244855e-11
-1.756906116814978346e-11
-9.778065120731485677e-12
-5.430851054249538037e-12
-3.039668579203997331e-12
-1.730737092552896274e-12
-1.061454146721577743e-12
-6.519083736690094116e-13
-4.000513087929524691e-13
-2.493240909186336992e-13
-1.572423042313990898e-13
-9.992290207798644821e-14
-3.524493469503077498e-08
-2.553443737285855240e-08
-1.825137348505237721e-08
-1.265522187833265014e-08
-8.444044754300600922e-09
-5.442371203244458028e-09
-3.401629533506211556e-09
-2.065157611138515093e-09
-1.224171854190749369e-09
-7.285703008214587874e-10
-4.304166193334537125e-10
-2.506615107510420455e-10
-1.433546021829358863e-10
-8.127600102575433420e-11
-4.694812707631438568e-11
-2.766128198238146795e-11
-1.599469372414970569e-11
-9.111465322112365671e-12
-5.171029081841868029e-12
-2.946294895952379445e-12
-1.698926429967856390e-12
-1.048680587104298955e-12
-6.467839782127659339e-13
-3.979657678061574877e-13
-2.483973040697158791e-13
-1.567875296632044665e-13
-9.967557508047381444e-14
-2.943752376498527497e-08
-2.081658479691110945e-08
-1.459529217094993454e-08
-9.955970241538623494e-09
-6.555292082607016632e-09
-4.188441527201338266e-09
-2.610108903511695881e-09
-1.590002680494770469e-09
-9.519950691819317959e-10
-5.751824678958232461e-10
-3.463091281437789620e-10
-2.061977635550066069e-10
-1.208637573123999067e-10
-7.028457734879478116e-11
-4.155831210428898444e-11
-2.500138412663528538e-11
-1.476243258426477385e-11
-8.582261752769975462e-12
-4.960090670440429111e-12
-2.868102492470153171e-12
-1.671268193944164870e-12
-1.037263759168744063e-12
-6.420990824163157125e-13
-3.960322305760733321e-13
-2.475334969033899106e-13
-1.563617558343844606e-13
-9.944198577026135049e-14
-2.247635772741435577e-08
-1.561476956469040973e-08
-1.082692410118695676e-08
-7.337872321511993939e-09
-4.824812969598176136e-09
-3.097753236191147957e-09
-1.952816768999311397e-09
-1.211301745761440395e-09
-7.426416152025404356e-10
-4.604039399141800187e-10
-2.847463102846474551e-10
-1.742199884064308125e-10
-1.048921383759779828e-10
-6.252378210573630689e-11
-3.774239360621074583e-11
-2.309858885937459396e-11
-1.386394337456123594e-11
-8.184717561443525660e-12
-4.794862084661739372e-12
-2.803407225435771591e-12
-1.646847560984954692e-12
-1.026667338078982186e-12
-6.375461008010641568e-13
-3.940806177784237395e-13
-2.466409822228170162e-13
-1.559174676281298156e-13
-9.919885853304640245e-14
-1.626994185455815057e-08
-1.124234060714415553e-08
-7.806175036259152870e-09
-5.327662776733920532e-09
-3.548999752528638162e-09
-2.322731121622423293e-09
-1.500638912732021024e-09
-9.579235579454596247e-10
-6.057075777057059457e-10
-3.864909127753548886e-10
-2.454951615722002989e-10
-1.539196835865022816e-10
-9.472477328265295906e-11
-5.752243967299350462e-11
-3.522855396703656467e-11
-2.180656535681407133e-11
-1.322740685120939286e-11
-7.886550648883027208e-12
-4.661663441072041459e-12
-2.746497900923520153e-12
-1.623173795308490071e-12
-1.015609840765444363e-12
-6.324530695790629235e-13
-3.917589992032461106e-13
-2.455346399277327050e-13
-1.553591402072305637e-13
-9.889871883271349739e-14
-1.217288488307057640e-08
-8.455724921119151621e-09
-5.932891898960731476e-09
-4.110538194932741611e-09
-2.792842762441363954e-09
-1.871299613021283867e-09
-1.240460793676189661e-09
-8.130177573700758158e-10
-5.272843541965155536e-10
-3.437588536460662000e-10
-2.224044462077658206e-10
-1.416580518135989252e-10
-8.835117906201952018e-11
-5.423355302956462961e-11
-3.348464784563268980e-11
-2.085898547001455617e-11
-1.272920755142179810e-11
-7.634890515366071657e-12
-4.539298118782808716e-12
-2.689152609958622470e-12
-1.596964876640460794e-12
-1.002504781140018253e-12
-6.260260363576537229e-13
-3.886633666834760497e-13
-2.440046772085099779e-13
-1.545788944927005528e-13
-9.848776492212891183e-14
-9.991091906025608199e-09
-6.987996352152794554e-09
-4.950851086883643174e-09
-3.472444437731429029e-09
-2.394131665620353361e-09
-1.630098324439509933e-09
-1.098297728808738573e-09
-7.311573813019399929e-10
-4.809339877213076670e-10
-3.171444015510979716e-10
-2.071453876391400055e-10
-1.330059750439001273e-10
-8.352679158669273581e-11
-5.156649944723407901e-11
-3.198466804021434405e-11
-2.000341341096276827e-11
-1.225746854915324720e-11
-7.384749391174591606e-12
-4.411376572820529913e-12
-2.625946273291164412e-12
-1.566513110701798747e-12
-9.866802724594960472e-13
-6.179842432668048325e-13
-3.846669669553343045e-13
-2.419888052022800098e-13
-1.535456067794324730e-13
-9.795086728807756663e-14
-8.796578517841682563e-09
-6.177214012364255784e-09
-4.399318245358005426e-09
-3.105246642816133633e-09
-2.156761188195937728e-09
-1.480009758871991486e-09
-1.004920061943192986e-09
-6.738964448826758073e-10
-4.462073650716960868e-10
-2.958634658744171524e-10
-1.941767139821056777e-10
-1.252292031125716579e-10
-7.897280353722875557e-11
-4.895095027425851952e-11
-3.047653177320167038e-11
-1.912981895871353346e-11
-1.176987347297727905e-11
-7.123164258248024423e-12
-4.275767703476578672e-12
-2.557790848179059862e-12
-1.533024604578639868e-12
-9.689957888178998591e-13
-6.088553481939966709e-13
-3.800656368023496121e-13
-2.396464373824195445e-13
-1.523429377340022105e-13
-9.733072627102002602e-14
-7.950333716330327584e-09
-5.596872521202069605e-09
-3.997436277833742783e-09
-2.830965596348483605e-09
-1.973668635528997810e-09
-1.359761129504138036e-09
-9.269499714191855671e-10
-6.240272076955161153e-10
-4.147357196393002604e-10
-2.759384612870791217e-10
-1.817080341458988930e-10
-1.175936904096736339e-10
-7.443248768902684809e-11
-4.631979031079284568e-11
-2.895491857947820797e-11
-1.824901181966346594e-11
-1.127930141191426305e-11
-6.860494067066475517e-12
-4.139587906936695554e-12
-2.489133710880978976e-12
-1.499087931879827399e-12
-9.509672074449021169e-13
-5.994902756478593874e-13
-3.753177210040911566e-13
-2.372207481251171913e-13
-1.510974302677477247e-13
-9.669137438976363478e-14
-7.218489046778015777e-09
-5.093898633560370082e-09
-3.646931168456799834e-09
-2.589421304699934712e-09
-1.810355969937550944e-09
-1.250911348692338285e-09
-8.552928588773818768e-10
-5.775370747038934855e-10
-3.850348699020661008e-10
-2.569647489826759221e-10
-1.697577653429977429e-10
-1.102443637194777195e-10
-7.005318411441258106e-11
-4.378247546302549240e-11
-2.749070950015095664e-11
-1.740408384039642632e-11
-1.081042355456691255e-11
-6.610280074597693382e-12
-4.010134151605131833e-12
-2.423881620472395511e-12
-1.466785145529202769e-12
-9.337719386184710498e-13
-5.905381846837640337e-13
-3.707700358533346907e-13
-2.348950659451701594e-13
-1.499041158175864685e-13
-9.608057887546390069e-14
-6.554344613507021624e-09
-4.637078307425506632e-09
-3.328089037890572905e-09
-2.369158689725688578e-09
-1.660945309525627358e-09
-1.150958491223723986e-09
-7.892555562738378481e-10
-5.345616025471794009e-10
-3.575177684566097736e-10
-2.393637953128871036e-10
-1.586660251869388951e-10
-1.034234930921034303e-10
-6.599165829836744332e-11
-4.143256839128372860e-11
-2.613724150500942545e-11
-1.662471299285778965e-11
-1.037891071993445040e-11
-6.380488724164301284e-12
-3.891421689165443504e-12
-2.364081188040513294e-12
-1.437177762210105570e-12
-9.180056832749548751e-13
-5.823270932053210972e-13
-3.665980784292587531e-13
-2.327621832689407335e-13
-1.488108909562986168e-13
-9.552213720009458742e-14
