-3.605011012130243499e-09
-2.468651077067082663e-09
-1.739825324836410286e-09
-1.226902357955499184e-09
-8.587886036680198856e-10
-5.987986915824721950e-10
-4.160510346438158055e-10
-2.872676246669439458e-10
-1.968892154261164547e-10
-1.354395138054766046e-10
-9.243007947039660982e-11
-6.212066863860963019e-11
-4.090828472278027552e-11
-2.650129918518926905e-11
-1.721569192735069869e-11
-1.126355185383463187e-11
-7.254968033155102780e-12
-4.618758877664104151e-12
-2.926570275347750967e-12
-1.850830057908567338e-12
-1.171069469054361746e-12
-7.721878290854500143e-13
-5.046768126077118041e-13
-3.265394015371367440e-13
-2.121562319032419297e-13
-1.382720508416388022e-13
-9.019670691991070376e-14
-3.672149629684215309e-09
-2.530539265131227411e-09
-1.792578778502398156e-09
-1.269511411180598046e-09
-8.915633342210353716e-10
-6.229264529772256260e-10
-4.331316752528837428e-10
-2.989212348722616603e-10
-2.045702814912569031e-10
-1.404138331720579285e-10
-9.556423217341778631e-11
-6.402424916290349518e-11
-4.201229003965652743e-11
-2.711403106920820933e-11
-1.755058683036200973e-11
-1.144560782217109733e-11
-7.349303084056761707e-12
-4.665518549672706752e-12
-2.949095763773755152e-12
-1.861501818708241247e-12
-1.176107744752746905e-12
-7.747996500243640539e-13
-5.060095747123225356e-13
-3.272071856769023293e-13
-2.124962667930518711e-13
-1.384478246128274083e-13
-9.028885958419574890e-14
-3.765720136200970277e-09
-2.612016548640985245e-09
-1.859403046701960743e-09
-1.321863125867505447e-09
-9.308135692023783712e-10
-6.512125231681910041e-10
-4.528064536653160483e-10
-3.121489694719863837e-10
-2.131827340995930585e-10
-1.459381106331808288e-10
-9.901725821089260983e-11
-6.610727658132910203e-11
-4.321348526866232468e-11
-2.777786337133072866e-11
-1.791254419466321277e-11
-1.164223482636246797e-11
-7.451246425911408175e-12
-4.716145742588636825e-12
-2.973559590381440717e-12
-1.873137644733777743e-12
-1.181625751260932290e-12
-7.776711995884685004e-13
-5.074809332032935214e-13
-3.279474778283157389e-13
-2.128744070937150359e-13
-1.386435679669300085e-13
-9.039134023142214623e-14
-3.892625767750824782e-09
-2.717259918664954312e-09
-1.942837554152995021e-09
-1.385462343227778663e-09
-9.774004945765333519e-10
-6.841398235677907669e-10
-4.753436974510364027e-10
-3.270991330486555104e-10
-2.228086707101102562e-10
-1.520592610858148666e-10
-1.028162670260936551e-10
-6.838538604412173127e-11
-4.452078509493893679e-11
-2.849782974385348361e-11
-1.830443252395687964e-11
-1.185507729676657690e-11
-7.561705849485039805e-12
-4.771122501523910036e-12
-3.000209992984861157e-12
-1.885862227283183559e-12
-1.187685190576195043e-12
-7.808354656931095595e-13
-5.091082180711202094e-13
-3.287691881679587017e-13
-2.132952448712550745e-13
-1.388616263315322867e-13
-9.050532226777625354e-14
-4.061076051553140150e-09
-2.851171366243826493e-09
-2.045859714699631981e-09
-1.462087697561534994e-09
-1.032360071954390843e-09
-7.223052725216123095e-10
-5.010868585796054106e-10
-3.439693048421141319e-10
-2.335620752880299841e-10
-1.588447898627261495e-10
-1.070014518743564899e-10
-7.088231281278922919e-11
-4.594794524384699278e-11
-2.928176019650916487e-11
-1.873071875573587965e-11
-1.208668988356049054e-11
-7.682086736821317058e-12
-4.831193181037516117e-12
-3.029430541355270584e-12
-1.899869352683245155e-12
-1.194383084726385829e-12
-7.843450355099005309e-13
-5.109195336407646623e-13
-3.296870812587731562e-13
-2.137665952649033495e-13
-1.391061351097993611e-13
-9.063297763182547128e-14
-4.280438131624479635e-09
-3.019263931243725304e-09
-2.171801216833247326e-09
-1.553730645240422991e-09
-1.096858878132999228e-09
-7.663879098798564343e-10
-5.304317144427562210e-10
-3.629903146269315264e-10
-2.455778032436262472e-10
-1.663753142088602299e-10
-1.116211295305110940e-10
-7.362670685981408358e-11
-4.751159871977008322e-11
-3.013911687521047257e-11
-1.919678785992268516e-11
-1.234014161592500765e-11
-7.814070034878337549e-12
-4.897243614414805490e-12
-3.061675364480529774e-12
-1.915387345691312382e-12
-1.201833255096847623e-12
-7.882614063830320082e-13
-5.129476425704858883e-13
-3.307183149291595183e-13
-2.142975155629524526e-13
-1.393818761811909984e-13
-9.077681286275215452e-14
-4.561215817162736671e-09
-3.227659456604967531e-09
-2.324355857686847101e-09
-1.662606658735870659e-09
-1.172204897691616487e-09
-8.171576121650275890e-10
-5.638327036953232369e-10
-3.844305240562610023e-10
-2.590143132663251908e-10
-1.747462559595181439e-10
-1.167327567877154976e-10
-7.665272435443904440e-11
-4.923159014206182184e-11
-3.108118069328314868e-11
-1.970904906840394243e-11
-1.261907745457899048e-11
-7.959646919807777357e-12
-4.970320012932481545e-12
-3.097479167696179947e-12
-1.932684247270622481e-12
-1.210168955465986548e-12
-7.926564230066369290e-13
-5.152307359802345895e-13
-3.318828433261540690e-13
-2.148985154868537185e-13
-1.396943858535169249e-13
-9.093972282228785873e-14
-4.914961011132148357e-09
-3.483058520694810817e-09
-2.507575114734780246e-09
-1.791161399328251047e-09
-1.259856698720245727e-09
-8.754836385564280134e-10
-6.018096000561944009e-10
-4.086005285161204394e-10
-2.740567351455907321e-10
-1.840697516886728208e-10
-1.224040664980208059e-10
-8.000067304303735662e-11
-5.113132698299542103e-11
-3.212123853101747210e-11
-2.027503811808208592e-11
-1.292777589312668137e-11
-8.121150713445331722e-12
-5.051646346155479488e-12
-3.137466587215607397e-12
-1.952072802228048726e-12
-1.219545522745410421e-12
-7.976137886070162949e-13
-5.178132844016464537e-13
-3.332038885353190824e-13
-2.155818198169943439e-13
-1.400501009553600852e-13
-9.112507151028076938e-14
-5.353999890420084961e-09
-3.792601021572276276e-09
-2.725794441201916883e-09
-1.942032707730418685e-09
-1.361404772634949745e-09
-9.423258039273670015e-10
-6.449434272612646786e-10
-4.358512492737911377e-10
-2.909158930197477379e-10
-1.944740426857827419e-10
-1.287126307990814360e-10
-8.371668729000582941e-11
-5.323754637561747559e-11
-3.327442790232000778e-11
-2.090332072086636547e-11
-1.327109204561584594e-11
-8.301225718428294508e-12
-5.142608444069609731e-12
-3.182344536559124203e-12
-1.973906948458057662e-12
-1.230138826062139463e-12
-8.032283234003946012e-13
-5.207456990841591151e-13
-3.347077955347631722e-13
-2.163613091721010599e-13
-1.404563372643585592e-13
-9.133668654939862664e-14
-5.890665848472192247e-09
-4.163409474583560921e-09
-2.983348882864150938e-09
-2.117873802652396220e-09
-1.478463239652022321e-09
-1.018668651923598115e-09
-6.938366212322710101e-10
-4.665499500341094041e-10
-3.098138936249858559e-10
-2.060946297174431224e-10
-1.357404122041489958e-10
-8.784940459903503999e-11
-5.557833417700843564e-11
-3.455658743717694357e-11
-2.160283191834344885e-11
-1.365408075180236470e-11
-8.502621947331904184e-12
-5.244647128790734719e-12
-3.232848393825577958e-12
-1.998555368612113143e-12
-1.242132424551957162e-12
-8.095991876920991052e-13
-5.240808158384340962e-13
-3.364222452049416585e-13
-2.172516062177932468e-13
-1.409208238014601663e-13
-9.157862539469264570e-14
-6.535190045546441866e-09
-4.601247162998659766e-09
-3.283693776719922551e-09
-2.320781169447348188e-09
-1.612304457333359047e-09
-1.105291240340774794e-09
-7.489697465095313618e-10
-5.009923876282325163e-10
-3.309310292522952123e-10
-2.190419355629055441e-10
-1.435542026154750765e-10
-9.243832921899010021e-11
-5.817637578533017291e-11
-3.598043248789022025e-11
-2.238071192208376280e-11
-1.408077144901991458e-11
-8.727529806207967028e-12
-5.358911316477744537e-12
-3.289566409277965145e-12
-2.026314486786676115e-12
-1.255674886184735807e-12
-8.168071417236108585e-13
-5.278619674330246230e-13
-3.383701173065615199e-13
-2.182648964992080415e-13
-1.414500593506892022e-13
-9.185433608586841504e-14
-7.289997091686514062e-09
-5.106781649993951373e-09
-3.626905371634109458e-09
-2.550639872139419350e-09
-1.762786052678673300e-09
-1.202082779817098607e-09
-8.102718409811989151e-10
-5.391382114818900861e-10
-3.542459591318984383e-10
-2.333045425440680795e-10
-1.521476733522470123e-10
-9.747979471517543944e-11
-6.102948107346048762e-11
-3.754464929923349354e-11
-2.323618162251774789e-11
-1.455071405132139944e-11
-8.975706817862462174e-12
-5.485280529846269181e-12
-3.352443710562985266e-12
-2.057161822604877063e-12
-1.270758262137610615e-12
-8.248495451731626317e-13
-5.320887440171000624e-13
-3.405517912523756219e-13
-2.194017166067732020e-13
-1.420445269679109990e-13
-9.216419982682463120e-14
-8.135135998927798625e-09
-5.665841612162991157e-09
-4.003065701991671196e-09
-2.800688501295940672e-09
-1.925443536960277484e-09
-1.306172184363560580e-09
-8.759390329247104657e-10
-5.798810843097482210e-10
-3.790948160484367702e-10
-2.484830207277886738e-10
-1.612827867255762118e-10
-1.028344333013438118e-10
-6.405801864202689790e-11
-3.920463925954844189e-11
-2.414417581209296719e-11
-1.504976359983494348e-11
-9.239481265313810806e-12
-5.619755402351596173e-12
-3.419455800285923835e-12
-2.090094770685309565e-12
-1.286891401345915332e-12
-8.334652104241968614e-13
-5.366245004427040570e-13
-3.428972058962543085e-13
-2.206259371316309040e-13
-1.426856630201545256e-13
-9.249881963805112367e-14
-8.998743599415179376e-09
-6.228732356308261105e-09
-4.377749041959837338e-09
-3.047518240632541556e-09
-2.084778207236217519e-09
-1.407526840074416046e-09
-9.396134373144812606e-10
-6.192863486496562016e-10
-4.030981949495892428e-10
-2.631389482538387456e-10
-1.701007374975850868e-10
-1.079997476856405275e-10
-6.697557579076253448e-11
-4.080048657442397008e-11
-2.501502241681309900e-11
-1.552736213340888082e-11
-9.491423715767185789e-12
-5.748011279108049724e-12
-3.483327093813848811e-12
-2.121492340346615877e-12
-1.302289175103392756e-12
-8.416990931709023036e-13
-5.409661192669960085e-13
-3.451463247807043399e-13
-2.218022802507213441e-13
-1.433032545993619630e-13
-9.282219615993685147e-14
-9.751500123939672039e-09
-6.699143925356653085e-09
-4.680674851562791115e-09
-3.241224747218420280e-09
-2.206479495400771839e-09
-1.483222851958220286e-09
-9.863850849625608412e-10
-6.479270472502640244e-10
-4.204541380564180900e-10
-2.737172179349419307e-10
-1.764554578769640756e-10
-1.117085000280165117e-10
-6.905450923586878926e-11
-4.192375554278022598e-11
-2.561895264086420930e-11
-1.585371958772712185e-11
-9.661019915930237943e-12
-5.833178895762449609e-12
-3.525308100279010448e-12
-2.142008983123368294e-12
-1.312335704949101760e-12
-8.470773075229262741e-13
-5.438076595472422317e-13
-3.466225256764182468e-13
-2.225777954303744352e-13
-1.437135349054934553e-13
-9.303973591770782009e-14
-1.049025796723542175e-08
-7.094086701572678005e-09
-4.897919244259083805e-09
-3.357177771163373670e-09
-2.265193688975850116e-09
-1.511781246233588084e-09
-9.999203614895433658e-10
-6.542488554989095993e-10
-4.234101424262724644e-10
-2.751423955636828090e-10
-1.771068956928964161e-10
-1.119522614728699900e-10
-6.909356291651077296e-11
-4.187938778840717083e-11
-2.555772781087397773e-11
-1.580171814710209670e-11
-9.624229196913283476e-12
-5.810270644989552169e-12
-3.512352497042758934e-12
-2.135190502741929852e-12
-1.308914753791897951e-12
-8.452540075851853750e-13
-5.428566600476406775e-13
-3.461385339214035552e-13
-2.223331057121146224e-13
-1.435938277894436485e-13
-9.298514027602438171e-14
-1.229605293587835858e-08
-8.041276767582384388e-09
-5.396724222534717695e-09
-3.602646220685361611e-09
-2.371476272150896130e-09
-1.549087794310496025e-09
-1.006813355504659495e-09
-6.497893473584206201e-10
-4.161921174759020676e-10
-2.684865605652595582e-10
-1.718545232009126970e-10
-1.081445159214648201e-10
-6.651584587890831893e-11
-4.023819199645250484e-11
-2.455274373009566035e-11
-1.520269558445033423e-11
-9.285982180855578460e-12
-5.628870550505250582e-12
-3.418841580785923711e-12
-2.088377091336795248e-12
-1.285846647306501515e-12
-8.329492285504340329e-13
-5.363976545586870423e-13
-3.428127988100591694e-13
-2.206110732464653737e-13
-1.427070504190939485e-13
-9.253664232955992251e-14
-1.674705020076078825e-08
-1.065407880050640588e-08
-6.933680981513493824e-09
-4.470778454771992200e-09
-2.831956227132243158e-09
-1.778346245139544220e-09
-1.112653004931393149e-09
-6.930080730957295983e-10
-4.297554993937248825e-10
-2.698388410060223582e-10
-1.687172102300530859e-10
-1.040541804928550448e-10
-6.297795558061082935e-11
-3.770224773576047666e-11
-2.291627069903899309e-11
-1.420674843247016120e-11
-8.719168192891873485e-12
-5.324881802240759229e-12
-3.262756697388952533e-12
-2.010635496726748402e-12
-1.247718636452115523e-12
-8.126762948975894143e-13
-5.257865931797092294e-13
-3.373621069112466292e-13
-2.177917909038493777e-13
-1.412539895603118829e-13
-9.179911319814239613e-14
-2.313378318150941397e-08
-1.484429275589344709e-08
-9.640824968751115494e-09
-6.153437765764675611e-09
-3.825704220075516952e-09
-2.338298492105670321e-09
-1.413498010725606923e-09
-8.450961414833918615e-10
-5.004880942172539668e-10
-3.001034295384597967e-10
-1.792614884458120052e-10
-1.058315282364292229e-10
-6.162681010185159379e-11
-3.585519908809079357e-11
-2.146874842956550230e-11
-1.325302280522220730e-11
-8.153374607635610785e-12
-5.015433314311003767e-12
-3.102881991860372071e-12
-1.931099810739133226e-12
-1.208903476632154793e-12
-7.921451203443880272e-13
-5.150995885524212880e-13
-3.319021324609906475e-13
-2.149811204499739688e-13
-1.398120388448769827e-13
-9.107101339513321819e-14
-2.795998698683772612e-08
-1.855192961291283565e-08
-1.233319891238779816e-08
-8.009459433119497764e-09
-5.035038105505771057e-09
-3.085578352658457056e-09
-1.851617508187348391e-09
-1.086851285548560603e-09
-6.245729765316348801e-10
-3.603812624705761409e-10
-2.057516070184687110e-10
-1.155796495206500319e-10
-6.402286722515780956e-11
-3.571501573549802519e-11
-2.082899804068655931e-11
-1.270362619806205950e-11
-7.788414609760588007e-12
-4.805139993400286028e-12
-2.991995183330385109e-12
-1.875741158105670151e-12
-1.182043378516627925e-12
-7.780539282970587649e-13
-5.078338179078533467e-13
-3.282265295497165415e-13
-2.131070772156841414e-13
-1.388611025212747848e-13
-9.059784595870434001e-14
-2.899061017982295007e-08
-2.003636644723308753e-08
-1.377204768343218559e-08
-9.216172324359018103e-09
-5.950436941241933930e-09
-3.723338957845234215e-09
-2.263107194781636385e-09
-1.332584051639193847e-09
-7.597326268337126255e-10
-4.304176057271006301e-10
-2.391163926961665597e-10
-1.296748004612512721e-10
-6.897116193007443622e-11
-3.700114929719956965e-11
-2.097925577962839137e-11
-1.259286079606508464e-11
-7.657535686370398074e-12
-4.715140499565621456e-12
-2.941332050523782558e-12
-1.849987520619558499e-12
-1.169631834251059712e-12
-7.716437712112059237e-13
-5.045933853566183313e-13
-3.266230958570476236e-13
-2.123084030898926031e-13
-1.384676591303630267e-13
-9.041048637137866602e-14
-2.696397183168307885e-08
-1.937823916704899232e-08
-1.378518353088165786e-08
-9.531542605501815190e-09
-6.348672728805421038e-09
-4.081854754549766118e-09
-2.533999078084627489e-09
-1.512856062227767903e-09
-8.671430712879430568e-10
-4.895927499617177811e-10
-2.690686766458125967e-10
-1.433625877683353041e-10
-7.446044853067338646e-11
-3.891473368553539660e-11
-2.159267375019826209e-11
-1.277642188419366991e-11
-7.696379813191867375e-12
-4.715862297664685132e-12
-2.936705784402368858e-12
-1.846826437506815436e-12
-1.168137428359780089e-12
-7.709753500811104048e-13
-5.043276372833856941e-13
-3.265335775809675608e-13
-2.122872341381303299e-13
-1.384729437449919804e-13
-9.042488059346286084e-14
-2.356408150614932977e-08
-1.751234868434840135e-08
-1.285012081195433948e-08
-9.159472510360206783e-09
-6.285367319968149238e-09
-4.152077411791407928e-09
-2.636695553349800686e-09
-1.601772682931701683e-09
-9.286617054147476582e-10
-5.269106759400615060e-10
-2.895514575722885310e-10
-1.535689475292322616e-10
-7.904453054987786056e-11
-4.080396795171593639e-11
-2.236584435063513540e-11
-1.310502241671346499e-11
-7.832090442162643288e-12
-4.771913399765408220e-12
-2.960862537535789918e-12
-1.857831358893242871e-12
-1.173426613146708062e-12
-7.738329516842571925e-13
-5.058643573132630462e-13
-3.273486571009778530e-13
-2.127244240884403068e-13
-1.387098002464289208e-13
-9.055420729296780317e-14
-1.999287242599157800e-08
-1.526014213386510809e-08
-1.148901558449392488e-08
-8.402958270309805248e-09
-5.916134552699337380e-09
-4.002794924119313941e-09
-2.595660346044343953e-09
-1.604587537941500599e-09
-9.431158779149005968e-10
-5.401409696211138879e-10
-2.987495130841555451e-10
-1.591096621873517873e-10
-8.203876311033834429e-11
-4.230040584683263367e-11
-2.310285051273228119e-11
-1.347355760473166700e-11
-8.010261527269966073e-12
-4.856029635087727321e-12
-3.000409250976641917e-12
-1.876507629324567583e-12
-1.182359295980949348e-12
-7.785558341713149380e-13
-5.083367308510627299e-13
-3.286235107945390921e-13
-2.133895427777512765e-13
-1.390588015102406333e-13
-9.073714870075754538e-14
-1.681742822552380112e-08
-1.309012046941419990e-08
-1.005024923232123940e-08
-7.499377999427545926e-09
-5.388303524443881078e-09
-3.717276278832740397e-09
-2.453793904510006728e-09
-1.541318900001938156e-09
-9.188759986604439691e-10
-5.325105552305064360e-10
-2.976873208926016929e-10
-1.601489949818441665e-10
-8.334117403200547813e-11
-4.327200026210019746e-11
-2.370669840147486812e-11
-1.382150610617650504e-11
-8.196721599769561486e-12
-4.950324912114614879e-12
-3.046437307737785662e-12
-1.898549987394341224e-12
-1.192879428262636144e-12
-7.840701639694101259e-13
-5.111916088282626814e-13
-3.300779132193325475e-13
-2.141390717649900815e-13
-1.394463980818581461e-13
-9.093642726843845586e-14
-1.420265708201818345e-08
-1.119467782517434712e-08
-8.709988493648398918e-09
-6.591131165778766854e-09
-4.805762470884809665e-09
-3.364451793866813569e-09
-2.252942804811116474e-09
-1.435199865130621006e-09
-8.676923868321773508e-10
-5.095940451008193809e-10
-2.887602511382872948e-10
-1.575621464392669824e-10
-8.318332437771789690e-11
-4.373381876251962053e-11
-2.414681411936780207e-11
-1.412006753357397405e-11
-8.372341287677369438e-12
-5.044045897870214855e-12
-3.093454775263136574e-12
-1.921301611629946172e-12
-1.203732748267143791e-12
-7.897297396443724968e-13
-5.141011182044757392e-13
-3.315483070514942085e-13
-2.148904275288829574e-13
-1.398308884053346687e-13
-9.113128207035868877e-14
-1.211959961757769067e-08
-9.610333006136255707e-09
-7.532145527905618840e-09
-5.747731449565502714e-09
-4.230564614665298634e-09
-2.992465248964170360e-09
-2.026346931644366310e-09
-1.306814618061986200e-09
-8.009976370276442978e-10
-4.772487626243704304e-10
-2.746875548096790543e-10
-1.524531694372726049e-10
-8.193001436603404180e-11
-4.377064184701146272e-11
-2.442824423477756902e-11
-1.435885358119845611e-11
-8.527197539592789617e-12
-5.130920665962227957e-12
-3.138124123453694412e-12
-1.943134788278822816e-12
-1.214157589578924366e-12
-7.951475071058725049e-13
-5.168721049374811615e-13
-3.329400611209039534e-13
-2.155966661925351654e-13
-1.401890269479276942e-13
-9.131042898273325745e-14
-1.047307158944740401e-08
-8.307037097336067933e-09
-6.524355822536084462e-09
-4.996232312111871487e-09
-3.696020283933330489e-09
-2.632011985944672462e-09
-1.797742530695238623e-09
-1.172128538209680344e-09
-7.282386942711841258e-10
-4.405492484976685873e-10
-2.579273099613714081e-10
-1.458698028472186088e-10
-7.995491029419329551e-11
-4.348660185959845960e-11
-2.457073412614026707e-11
-1.453653191669097676e-11
-8.656360308560283602e-12
-5.207220121298597153e-12
-3.178341660179811813e-12
-1.963004809236623009e-12
-1.223665793887150999e-12
-8.000777516509116168e-13
-5.193836071765962878e-13
-3.341948825053981957e-13
-2.162293826680091323e-13
-1.405070512307110996e-13
-9.146738854299772876e-14
-9.163909015517948967e-09
-7.237656266979217607e-09
-5.673038713540722963e-09
-4.343252712914203357e-09
-3.218497571663117482e-09
-2.301376722738987366e-09
-1.582734487609835272e-09
-1.042330536325142165e-09
-6.563540162822971545e-10
-4.033552065742397692e-10
-2.404078294721963699e-10
-1.386613843763516562e-10
-7.757438116035418237e-11
-4.297684265613059861e-11
-2.459642949616641666e-11
-1.465516695342334624e-11
-8.757297801648194324e-12
-5.270557732671360657e-12
-3.212670566242548998e-12
-1.980178191285036224e-12
-1.231910882260086939e-12
-8.043458768062611937e-13
-5.215499095582376534e-13
-3.352717122189512235e-13
-2.167687511526856041e-13
-1.407754880355703682e-13
-9.159779965466192735e-14
-8.111242809902291884e-09
-6.358791784843405725e-09
-4.960027050208933182e-09
-3.786722890993324574e-09
-2.804673452885040807e-09
-2.010258483420093940e-09
-1.390450021691149232e-09
-9.243500680589145235e-10
-5.898256057157897665e-10
-3.682439871804206744e-10
-2.234564443792456239e-10
-1.314311840067589353e-10
-7.502160736833539081e-11
-4.231512931269081665e-11
-2.452410765149628981e-11
-1.471746823955495058e-11
-8.828596061960867580e-12
-5.319299855020421345e-12
-3.240066978669255882e-12
-1.994104062204109738e-12
-1.238626866050601845e-12
-8.078162245095805757e-13
-5.233037942093210860e-13
-3.361381412831398188e-13
-2.171990803673854609e-13
-1.409868493618240355e-13
-9.169823577192558780e-14
-7.255732379182791029e-09
-5.636169137709676142e-09
-4.368152737628075994e-09
-3.320719076724707353e-09
-2.455197847919486177e-09
-1.762223918600431734e-09
-1.224993332470122271e-09
-8.216158307641594137e-10
-5.310228385802341533e-10
-3.366506336725025093e-10
-2.078479872567807658e-10
-1.245485638415858885e-10
-7.244712932081683992e-11
-4.155225624872967994e-11
-2.436794065777481360e-11
-1.472609364681210004e-11
-8.869620531782435752e-12
-5.352417409224722271e-12
-3.259818548110853281e-12
-2.004389281533045508e-12
-1.243618096094863586e-12
-8.103872928188751326e-13
-5.245942840911376435e-13
-3.367693451931523512e-13
-2.175082934518021704e-13
-1.411353754914429242e-13
-9.176607965908692708e-14
-6.555403448695945825e-09
-5.043331553727091248e-09
-3.881708811981910791e-09
-2.936908306392277053e-09
-2.166488801616097981e-09
-1.556377886014361188e-09
-1.086733936798190028e-09
-7.349051293859663749e-10
-4.806857253228124077e-10
-3.091142294556484704e-10
-1.939170596141812715e-10
-1.181938390204864015e-10
-6.993402811361130216e-11
-4.072040099083389028e-11
-2.413869881729502369e-11
-1.468402683308720446e-11
-8.880655076037123162e-12
-5.369556214617335413e-12
-3.271587256789392470e-12
-2.010824478926802332e-12
-1.246774280777164695e-12
-8.120005218681113099e-13
-5.253915905469750732e-13
-3.371507660856492999e-13
-2.176893661659471831e-13
-1.412177986510033935e-13
-9.179992439440202702e-14
-5.979688166390600677e-09
-4.558524778920903068e-09
-3.485455984424118801e-09
-2.624981851815924423e-09
-1.931930465071128713e-09
-1.388751936433118146e-09
-9.735086733287275566e-10
-6.632019754824701053e-10
-4.384456035769863916e-10
-2.855579242184005078e-10
-1.816923424855970923e-10
-1.124149848859523484e-10
-6.751842408301593481e-11
-3.983949772820656719e-11
-2.384565944566696994e-11
-1.459519628392741797e-11
-8.863114584423029493e-12
-5.371128272069339650e-12
-3.275458910313856999e-12
-2.013412872583391481e-12
-1.248086951181405203e-12
-8.126499398522445212e-13
-5.256925642177091232e-13
-3.372810789303540496e-13
-2.177419212301652424e-13
-1.412341898362481881e-13
-9.180001694995169889e-14
-5.504577152655379997e-09
-4.162350923553961823e-09
-3.164080782698732435e-09
-2.373277601467930388e-09
-1.743079524405816310e-09
-1.253613280615783138e-09
-8.817293580068606032e-10
-6.044839448532222405e-10
-4.033053003460828320e-10
-2.655499998203212006e-10
-1.710233426235500954e-10
-1.071816611386958881e-10
-6.520897543824868618e-11
-3.892307738523556832e-11
-2.349814497566004724e-11
-1.446483782784525689e-11
-8.819594621898128672e-12
-5.358308444055811384e-12
-3.271941556900366900e-12
-2.012372878783729181e-12
-1.247652851184498271e-12
-8.123848079008895965e-13
-5.255224697497578096e-13
-3.371732681681928276e-13
-2.176728443601516451e-13
-1.411882984652733862e-13
-9.176844043062033636e-14
-5.110029023500441162e-09
-3.837028996713805841e-09
-2.902612554311555026e-09
-2.169829404299680644e-09
-1.590932927448152390e-09
-1.144647195829160456e-09
-8.073148860093366638e-10
-5.563614387608667270e-10
-3.740234650702473262e-10
-2.485121296524184788e-10
-1.616814221899288995e-10
-1.024279990813311415e-10
-6.300188047247138925e-11
-3.798231135110688309e-11
-2.310623950146092255e-11
-1.429942600601711686e-11
-8.753687872730362628e-12
-5.332905182972121360e-12
-3.261897154916224414e-12
-2.008106252260523327e-12
-1.245659875265232650e-12
-8.113028014057666799e-13
-5.249317327612273294e-13
-3.368530945370141298e-13
-2.174955405853500412e-13
-1.410871852235551059e-13
-9.170893239756142051e-14
-4.779304325496126348e-09
-3.566847045920304514e-09
-2.687409242619582000e-09
-2.003530366374344334e-09
-1.467035753883201270e-09
-1.055872286554030771e-09
-7.463646619989361016e-10
-5.165221551020881241e-10
-3.493769354735542132e-10
-2.338606264509524456e-10
-1.534279639713999665e-10
-9.808101835726463648e-11
-6.089029924331386592e-11
-3.702802868272384475e-11
-2.268070696473543951e-11
-1.410623869047227555e-11
-8.669619500485074466e-12
-5.297136843637935384e-12
-3.246422991288177338e-12
-2.001139759324298893e-12
-1.242359309658571766e-12
-8.095356518613142160e-13
-5.239886304488508273e-13
-3.363554354876743294e-13
-2.172280760785104083e-13
-1.409402740588104937e-13
-9.162640422023028791e-14
-4.499172381108747246e-09
-3.338932536353269953e-09
-2.507084066102677049e-09
-1.865015519213658262e-09
-1.364219635453642802e-09
-9.821997297875703163e-10
-6.955475781839534160e-10
-4.829797871607444402e-10
-3.283056623300497867e-10
-2.210842773023205110e-10
-1.460517558216851743e-10
-9.407581623928717092e-11
-5.886887292773949358e-11
-3.607114973736226119e-11
-2.223240507283483229e-11
-1.389274245251355614e-11
-8.571812618748281522e-12
-5.253375022711357179e-12
-3.226714979891148583e-12
-1.992056551899576175e-12
-1.238032351346947982e-12
-8.072314977908857775e-13
-5.227701500648381451e-13
-3.357196407260415980e-13
-2.168907962275910218e-13
-1.407581294737731488e-13
-9.152631908249403974e-14
-4.260051558704449364e-09
-3.143675006260009098e-09
-2.352968599369290873e-09
-1.747066021965290455e-09
-1.276913440762745423e-09
-9.196519689065066360e-10
-6.522468074305054470e-10
-4.541649217957229880e-10
-3.099662119617036841e-10
-2.097736795209892663e-10
-1.393831844086338567e-10
-9.036106023668628412e-11
-5.693489600887290772e-11
-3.512224037779530401e-11
-2.177155276481174731e-11
-1.366599737717341568e-11
-8.464494031844303540e-12
-5.203914623615583221e-12
-3.203944291012304028e-12
-1.981433358807290345e-12
-1.232959012223966906e-12
-8.045383247643643601e-13
-5.213533360945738961e-13
-3.349851055439853141e-13
-2.165040460078013446e-13
-1.405512843795285929e-13
-9.141409599950781988e-14
-4.055658022449458710e-09
-2.974579808394142228e-09
-2.219044149711135192e-09
-1.644565717478079340e-09
-1.201106865074457417e-09
-8.653318487207691318e-10
-6.145378663863706623e-10
-4.289130393646769179e-10
-2.937272611930437072e-10
-1.996202913921075449e-10
-1.332942146196537944e-10
-8.689878021540241838e-11
-5.508775389123635709e-11
-3.419081419789965776e-11
-2.130712124259590563e-11
-1.343221505445258708e-11
-8.351409851059269568e-12
-5.150807787797957359e-12
-3.179167132426433628e-12
-1.969793880810985855e-12
-1.227394748990079518e-12
-8.015914215424559588e-13
-5.198086955014860187e-13
-3.341878825433780220e-13
-2.160864220354112129e-13
-1.403293419788914440e-13
-9.129465466939706225e-14
-3.882206085704803594e-09
-2.827673171915169902e-09
-2.101495001701143138e-09
-1.554167061201094119e-09
-1.134106853871529474e-09
-8.172532961983515889e-10
-5.810793046325718820e-10
-4.064006424942835934e-10
-2.791365006557670769e-10
-1.904007733837055213e-10
-1.276916456015783581e-10
-8.366166906912233887e-11
-5.332781842219234378e-11
-3.328477315040877379e-11
-2.084647733806921368e-11
-1.319651855638018499e-11
-8.235671819111451901e-12
-5.095772237640290200e-12
-3.153273612040856213e-12
-1.957581751070977584e-12
-1.221556669118011557e-12
-7.985059086458450952e-13
-5.181962453753179220e-13
-3.333586442008710193e-13
-2.156537217111700465e-13
-1.401004379847100210e-13
-9.117214524597781428e-14
-3.737427273820690200e-09
-2.700710984758727563e-09
-1.998099651110213951e-09
-1.473839513420753351e-09
-1.074216832655024547e-09
-7.741249709667561976e-10
-5.509760855480336534e-10
-3.860660535168888867e-10
-2.658792873415609428e-10
-1.819571523591894242e-10
-1.225085842229974327e-10
-8.062990899671167547e-11
-5.165546495781461448e-11
-3.241013726465615522e-11
-2.039528689935936987e-11
-1.296288633387269570e-11
-8.119718172373764377e-12
-5.040164478088168110e-12
-3.126970967179982427e-12
-1.945150931698066915e-12
-1.215618382819988095e-12
-7.953738864388322823e-13
-5.165639842221999398e-13
-3.325218910160736277e-13
-2.152185368557055975e-13
-1.398710360465149034e-13
-9.104984873177345518e-14
-3.619676727500955193e-09
-2.592416548933468643e-09
-1.907634146879895861e-09
-1.402427386778873951e-09
-1.020426238540700745e-09
-7.351440538923294489e-10
-5.236510999319090617e-10
-3.675355522613656759e-10
-2.537402274674393015e-10
-1.741784695649008736e-10
-1.176967026297231789e-10
-7.778848956346494862e-11
-5.007045304812416391e-11
-3.157105191493193195e-11
-1.995761705074243080e-11
-1.273422818124672714e-11
-8.005355300890638293e-12
-4.984998864932404576e-12
-3.100791355292621576e-12
-1.932768721764251322e-12
-1.209711173120631082e-12
-7.922649796686095410e-13
-5.149481534671039947e-13
-3.316960824691162451e-13
-2.147903252269426833e-13
-1.396459699077397982e-13
-9.093020323331534899e-14
-3.527288763125876228e-09
-2.501880861751385947e-09
-1.829386225100325907e-09
-1.339284985662332334e-09
-9.721539953606260453e-10
-6.998267709088513969e-10
-4.987403199316184832e-10
-3.505634835800511536e-10
-2.425722043910552453e-10
-1.669861264574215564e-10
-1.132202187168254204e-10
-7.512530163233708024e-11
-4.857166958563227438e-11
-3.076998845078365563e-11
-1.953615622081861298e-11
-1.251253564274047617e-11
-7.893844604186407171e-12
-4.930992617530742110e-12
-3.075113772290540791e-12
-1.920626132371883148e-12
-1.203928899462192320e-12
-7.892289010227036443e-13
-5.133745672247607139e-13
-3.308943195828752903e-13
-2.143757674328193801e-13
-1.394286323623696677e-13
-9.081490456953197094e-14
-3.458224520154762132e-09
-2.428169053988904391e-09
-1.762812925894219194e-09
-1.284010173778888733e-09
-9.290579667183527732e-10
-6.678818076038986523e-10
-4.760145154073179458e-10
-3.349876680032126364e-10
-2.322734411835727607e-10
-1.603231581989409917e-10
-1.090516313010106554e-10
-7.262993771794052491e-11
-4.715713072348473339e-11
-3.000804219899882297e-11
-1.913248046247048276e-11
-1.229905955082920054e-11
-7.786005993419354513e-12
-4.878620829433452751e-12
-3.050191681027421280e-12
-1.908851352819106513e-12
-1.198334506857088148e-12
-7.862988926676957218e-13
-5.118604094618770228e-13
-3.301252691471236596e-13
-2.139792483401421024e-13
-1.392212275550097405e-13
-9.070503834292414281e-14
-3.409972912544937270e-09
-2.370117328857264849e-09
-1.707333357436790427e-09
-1.236270331194294053e-09
-8.909052626195461243e-10
-6.391223768559446169e-10
-4.553244047677029858e-10
-3.206980952468565252e-10
-2.227714481596928322e-10
-1.541468190068262671e-10
-1.051688821521237342e-10
-7.029301411907368828e-11
-4.582412874585918902e-11
-2.928525313877310209e-11
-1.874731682371907317e-11
-1.209448328870866502e-11
-7.682319240911739848e-12
-4.828170915113076213e-12
-3.026180711879822490e-12
-1.897523410449742508e-12
-1.192966684747426882e-12
-7.834952606787437119e-13
-5.104160832989316479e-13
-3.293941147629047076e-13
-2.136033513255726672e-13
-1.390250287642438010e-13
-9.060121383373183367e-14
-3.379627966162158335e-09
-2.326276174109761316e-09
-1.662229101773653367e-09
-1.195702714419972800e-09
-8.574913322919890919e-10
-6.134088731477851418e-10
-4.365640751644047279e-10
-3.076158317998384648e-10
-2.140121926129761618e-10
-1.484236308713132619e-10
-1.015535349995329332e-10
-6.810582294488492712e-11
-4.456943222163087915e-11
-2.860090109345742794e-11
-1.838077548624235203e-11
-1.189907444605109575e-11
-7.583012894352924064e-12
-4.779790675654342434e-12
-3.003163291645066045e-12
-1.886684389070996831e-12
-1.187845846257654427e-12
-7.808285528016168988e-13
-5.090468737695067905e-13
-3.287034109192217550e-13
-2.132493009891186607e-13
-1.388406083408049592e-13
-9.050368269302758242e-14
-3.364061049524656098e-09
-2.294949376755240893e-09
-1.626620470751182710e-09
-1.161869008678771886e-09
-8.285949816273966726e-10
-5.906139844396417545e-10
-4.196476951702983551e-10
-2.956792792742709746e-10
-2.059529781589178331e-10
-1.431261465203665918e-10
-9.818962932434468952e-11
-6.606017095470293473e-11
-4.338948355868509174e-11
-2.795375255635030835e-11
-1.803253919655778498e-11
-1.171280810771804078e-11
-7.488136667157317382e-12
-4.733527566656780217e-12
-2.981168832877522527e-12
-1.876349466026471153e-12
-1.182979040988193101e-12
-7.783021658404226547e-13
-5.077543086981934880e-13
-3.280537794103956171e-13
-2.129173224078323845e-13
-1.386680231385702843e-13
-9.041243387956191109e-14
-3.360119614477017348e-09
-2.274283503754398273e-09
-1.599489592080337795e-09
-1.134245849608905085e-09
-8.039580616052957920e-10
-5.706033904916238157e-10
-4.044954321528262181e-10
-2.848354789113112487e-10
-1.985578343652616721e-10
-1.382308427479260650e-10
-9.506295128147478622e-11
-6.414830598000525840e-11
-4.228056225794674496e-11
-2.734225071066163082e-11
-1.770200754666805007e-11
-1.153546062980092291e-11
-7.397616524527327420e-12
-4.689358588960526025e-12
-2.960189085978894027e-12
-1.866514520206929888e-12
-1.178363657766090725e-12
-7.759142979429841063e-13
-5.065371691536762173e-13
-3.274444210620396786e-13
-2.126069019686294930e-13
-1.385069472427376332e-13
-9.032726041806194184e-14
-3.364803985530834960e-09
-2.262372565900259193e-09
-1.579727143121208837e-09
-1.112236855375528240e-09
-7.832811559711156062e-10
-5.532269611562972330e-10
-3.910256659723710414e-10
-2.750348809621784582e-10
-1.917946246217259036e-10
-1.337167776968018765e-10
-9.216057445239730705e-11
-6.236288539589671566e-11
-4.123890773763252775e-11
-2.676465266704472757e-11
-1.738840015055910279e-11
-1.136667627948840000e-11
-7.311293536342865667e-12
-4.647211154863514842e-12
-2.940188707273294792e-12
-1.857161273921175600e-12
-1.173989869691704792e-12
-7.736592084694751297e-13
-5.053921235733853115e-13
-3.268734260980777271e-13
-2.123169395413706269e-13
-1.383567459295862209e-13
-9.024779449968895836e-14
-3.375394295154116226e-09
-2.257353882977356980e-09
-1.566186237476243152e-09
-1.095195949175497854e-09
-7.662294351936149770e-10
-5.383173170169408440e-10
-3.791519019032160975e-10
-2.662288364670935322e-10
-1.856335851386630047e-10
-1.295649395221638662e-10
-8.947068855172162204e-11
-6.069703158873252054e-11
-4.026084400256618024e-11
-2.621914377706931696e-11
-1.709083696256440757e-11
-1.120601711567241243e-11
-7.228951972080489190e-12
-4.606977659988633302e-12
-2.921112373220749061e-12
-1.848260620538464849e-12
-1.169842150150553960e-12
-7.715279695965685507e-13
-5.043140891802652823e-13
-3.263379416044744119e-13
-2.120458259025176149e-13
-1.382165110343177910e-13
-9.017352317743507460e-14
-3.389548263518373701e-09
-2.257500200825000756e-09
-1.557745255343537807e-09
-1.082463824112335509e-09
-7.524512044529295368e-10
-5.256986487870472045e-10
-3.687871991995473633e-10
-2.583722571274806422e-10
-1.800492529742265931e-10
-1.257597661126796751e-10
-8.698378051522785330e-11
-5.914520324125653201e-11
-3.934337939888902129e-11
-2.570422144347329751e-11
-1.680857206592937179e-11
-1.105310120255760056e-11
-7.150396911542178307e-12
-4.568557252954657746e-12
-2.902906740306067180e-12
-1.839784071317015473e-12
-1.165905266690032420e-12
-7.695118661399927199e-13
-5.032981465908934759e-13
-3.258352400869138437e-13
-2.117920480793076417e-13
-1.380854080258292892e-13
-9.010398912023938812e-14
