-4.284410422755740944e-09
-3.017166924688663782e-09
-2.170353115075306085e-09
-1.554970183970959147e-09
-1.100838143170219827e-09
-7.721485873965299735e-10
-5.367611627415771402e-10
-3.689536140735785251e-10
-2.506939978115019107e-10
-1.705885641691597800e-10
-1.150827692533017229e-10
-7.650967859619183291e-11
-4.993099533624192183e-11
-3.214304666679283689e-11
-2.079731828476918307e-11
-1.355516435952339972e-11
-8.679347148867818084e-12
-5.472123259533259155e-12
-3.418182276495237991e-12
-2.122652969842595674e-12
-1.315869022950432607e-12
-8.526551366424016622e-13
-5.479284176990943602e-13
-3.489709971076082938e-13
-2.237187031834839145e-13
-1.441926077628953715e-13
-9.319577013318913048e-14
-4.554044597340893029e-09
-3.218680546007444095e-09
-2.319869146211011431e-09
-1.663624995380914718e-09
-1.177703460115843216e-09
-8.252197427779500675e-10
-5.725693442771787650e-10
-3.925309296822375283e-10
-2.658511565882512375e-10
-1.802703590779464395e-10
-1.211600644838581713e-10
-8.022893942365226561e-11
-5.213564268053321762e-11
-3.341451792871446150e-11
-2.152856364540422187e-11
-1.397604944430629177e-11
-8.912279091028247567e-12
-5.596000669753904608e-12
-3.481973702524760480e-12
-2.154606957909973275e-12
-1.331565268957944689e-12
-8.609501630355689269e-13
-5.522122388369110820e-13
-3.511287724486583751e-13
-2.248142376774840615e-13
-1.447519608148293628e-13
-9.348164860789303558e-14
-4.894560525709340735e-09
-3.467463990186622418e-09
-2.501447271110823656e-09
-1.793769446431150682e-09
-1.268663947452305694e-09
-8.873808461184985602e-10
-6.141531384334602530e-10
-4.197164145862703955e-10
-2.832243499866226503e-10
-1.913153505112141709e-10
-1.280643641366058607e-10
-8.443782547533220400e-11
-5.462096917616092454e-11
-3.484265740626961081e-11
-2.234744094461569407e-11
-1.444633825608175197e-11
-9.172139444086314365e-12
-5.734095093883038519e-12
-3.553104714023954435e-12
-2.190282028868239242e-12
-1.349125958737579101e-12
-8.702506539878954138e-13
-5.570273816360382885e-13
-3.535607391019670595e-13
-2.260518530973220041e-13
-1.453848381235286580e-13
-9.380521212616293841e-14
-5.319474551177985675e-09
-3.772034045153989575e-09
-2.720654454884490640e-09
-1.949030445108226716e-09
-1.376047985391710178e-09
-9.601133887473184161e-10
-6.624486887175498062e-10
-4.510957090847255216e-10
-3.031756952921695852e-10
-2.039483867553959044e-10
-1.359334231809524616e-10
-8.921859814586537332e-11
-5.743439758746686424e-11
-3.645396007632953768e-11
-2.326871658096358839e-11
-1.497430873098789856e-11
-9.463414372058593869e-12
-5.888766726534087111e-12
-3.632794498417837027e-12
-2.230299081158639732e-12
-1.368864192217974348e-12
-8.807263100413248961e-13
-5.624639327403797933e-13
-3.563135668937382587e-13
-2.274557828928973826e-13
-1.461037725703083227e-13
-9.417286467972362058e-14
-5.844981487405180361e-09
-4.142833298929209807e-09
-2.984437810737834404e-09
-2.134004872887539302e-09
-1.502849248505997461e-09
-1.045346832518463103e-09
-7.186891193676645057e-10
-4.874479263702386096e-10
-3.261910280854385927e-10
-2.184731539126458186e-10
-1.449543609571540909e-10
-9.468358159152571804e-11
-6.064100214340815431e-11
-3.828494441373134716e-11
-2.431281028462278819e-11
-1.557142931009244239e-11
-9.792323241863826735e-12
-6.063285582148164846e-12
-3.722729662585977951e-12
-2.275515755509468329e-12
-1.391212207500985819e-12
-8.926115817484533364e-13
-5.686465828096633337e-13
-3.594520616906174297e-13
-2.290598438709452722e-13
-1.469263817987482480e-13
-9.459370492657041565e-14
-6.489496442299284831e-09
-4.591974855865617247e-09
-3.300963706954035946e-09
-2.354153210908711889e-09
-1.652654820390475201e-09
-1.145409490950072024e-09
-7.843710951655212900e-10
-5.297232464030263119e-10
-3.528651918103509653e-10
-2.352625692375647213e-10
-1.553574814964524071e-10
-1.009712704540509777e-10
-6.432111642772917704e-11
-4.038070592517125221e-11
-2.550491229103205145e-11
-1.625181371610474337e-11
-1.016648951536617391e-11
-6.261638040336817165e-12
-3.824953561224497806e-12
-2.326964995423696842e-12
-1.416688185235617366e-12
-9.061868268122935349e-13
-5.757241682402507329e-13
-3.630534861555189357e-13
-2.309043366042372444e-13
-1.478736728124037461e-13
-9.507860048143046035e-14
-7.272501638356100260e-09
-5.132582310019290084e-09
-3.679206545747322911e-09
-2.615534553920778373e-09
-1.829471017777986375e-09
-1.262911983902031254e-09
-8.611764212365106224e-10
-5.789906735728318829e-10
-3.838678528354809200e-10
-2.547366027657626916e-10
-1.674022250465529462e-10
-1.082377444339987607e-10
-6.856532280888940319e-11
-4.279211243659894192e-11
-2.687342337426629033e-11
-1.703134251567491210e-11
-1.059445529170333866e-11
-6.488260795404334887e-12
-3.941720469428256960e-12
-2.385775737219116769e-12
-1.445853851747584384e-12
-9.217544910596018778e-13
-5.838566642828337138e-13
-3.672006799984047786e-13
-2.330324410740202462e-13
-1.489681916602609763e-13
-9.563927037617230060e-14
-8.211147402391283736e-09
-5.776457629838709412e-09
-4.127277603806589536e-09
-2.923598724665156588e-09
-2.036855518108450353e-09
-1.400130535025847541e-09
-9.505415959548351356e-10
-6.361448895360708989e-10
-4.197492601191804256e-10
-2.772353962641270111e-10
-1.812964267186528377e-10
-1.166071228289072531e-10
-7.344542123243126600e-11
-4.555951634952250599e-11
-2.844092900645774158e-11
-1.792264941823084646e-11
-1.108298428931089682e-11
-6.746621422207442895e-12
-4.074753131517858460e-12
-2.452785900256420485e-12
-1.479113775372741300e-12
-9.395279331560995420e-13
-5.931549720647540353e-13
-3.719503239575820152e-13
-2.354735620879461090e-13
-1.502254008150562897e-13
-9.628392989165902364e-14
-9.319737291454121520e-09
-6.531694073663118830e-09
-4.649614220938011457e-09
-3.280515070646817520e-09
-2.275640993842428353e-09
-1.557211352543510547e-09
-1.052323031828600820e-09
-7.009618996434210626e-10
-4.603000537579087351e-10
-3.025957116721398044e-10
-1.969246406279812200e-10
-1.260039365662127824e-10
-7.891579983329236138e-11
-4.865726095701643712e-11
-3.019342605994761574e-11
-1.891806775976457178e-11
-1.162794619886855725e-11
-7.034472771331184181e-12
-4.222794936526490860e-12
-2.527283984300458111e-12
-1.516069663395653465e-12
-9.592756044118633312e-13
-6.034887875498013752e-13
-3.772317844791264277e-13
-2.381901741366999259e-13
-1.516260322513486424e-13
-9.700319688509428263e-14
-1.066901220975078689e-08
-7.429114574715394047e-09
-5.257935455537606870e-09
-3.688318703315668634e-09
-2.543461189813576600e-09
-1.730431085568482527e-09
-1.162920997161469820e-09
-7.705247630166943484e-10
-5.033823331888122922e-10
-3.293389665730396133e-10
-2.133117191369554426e-10
-1.358156441856257613e-10
-8.461214608270529530e-11
-5.187933320659437660e-11
-3.201651897934264732e-11
-1.995415884122724999e-11
-1.219534532547426152e-11
-7.334005464099177993e-12
-4.376563250254191170e-12
-2.604436786109451957e-12
-1.554211695681366227e-12
-9.796039771873293434e-13
-6.141011907301383305e-13
-3.826448651885486359e-13
-2.409716413554870865e-13
-1.530607273698131282e-13
-9.774167522814305769e-14
-1.267132474299730886e-08
-8.674051244184964373e-09
-6.053384673626107057e-09
-4.191602067938546592e-09
-2.855483266099064658e-09
-1.921629746509599771e-09
-1.279266199001520723e-09
-8.407289422568114281e-10
-5.453930744107207332e-10
-3.547601208811107104e-10
-2.285895521941565917e-10
-1.448337442105833773e-10
-8.980046757905119981e-11
-5.480384573293569628e-11
-3.367289164099814767e-11
-2.089801399279233348e-11
-1.271343945040479231e-11
-7.607540844059010117e-12
-4.516493625378939543e-12
-2.674150530797459477e-12
-1.588358846800826527e-12
-9.976626723818672790e-13
-6.234568869097491500e-13
-3.873834320129296441e-13
-2.433951879615805159e-13
-1.543097380565912759e-13
-9.838723151676850154e-14
-1.643865356104320569e-08
-1.087866493626664379e-08
-7.373723655931109132e-09
-4.967658712511695497e-09
-3.297527250422486466e-09
-2.168770314266847081e-09
-1.416170737821210681e-09
-9.160387058242215739e-10
-5.867269023047283046e-10
-3.780575899552692286e-10
-2.417907058738680686e-10
-1.522642486589482795e-10
-9.392835937289200724e-11
-5.708389634092093048e-11
-3.495480010609589592e-11
-2.162739466797900392e-11
-1.311312373320701775e-11
-7.817298384522437470e-12
-4.622405522335312915e-12
-2.725870486958607719e-12
-1.613091897381768012e-12
-1.010490512974161053e-12
-6.299763767577869080e-13
-3.906268769294783828e-13
-2.450338892430005540e-13
-1.551519234615175454e-13
-9.882675683439148014e-14
-2.329631314597928219e-08
-1.489728977525586546e-08
-9.751877393429543129e-09
-6.333184023304457468e-09
-4.046855312634043974e-09
-2.566090479093625369e-09
-1.621490800097011947e-09
-1.019607014585806676e-09
-6.380663695867362345e-10
-4.041433195363858074e-10
-2.550964030690086811e-10
-1.590107738335642779e-10
-9.732664526574533972e-11
-5.881588875360296307e-11
-3.587525591964328541e-11
-2.212976953813163182e-11
-1.337673624100734925e-11
-7.948498935466255800e-12
-4.684305088417761990e-12
-2.753678642333512029e-12
-1.625215357142445648e-12
-1.016333931930128276e-12
-6.327353017035680721e-13
-3.919046707320260706e-13
-2.456477274548150462e-13
-1.554645620520038819e-13
-9.899770273330051479e-14
-3.306339100098073700e-08
-2.091835534773848396e-08
-1.344228945247183171e-08
-8.512461202260166963e-09
-5.269245430277302258e-09
-3.222816198828679859e-09
-1.961563828485091394e-09
-1.189251129283434396e-09
-7.199498482779930138e-10
-4.440983225660553036e-10
-2.743741086886833567e-10
-1.680839344651415064e-10
-1.014709723464011959e-10
-6.068957156562136317e-11
-3.674992320723457012e-11
-2.254610529662017845e-11
-1.356020259366003563e-11
-8.020048955680179130e-12
-4.707413002705703893e-12
-2.758635567722859898e-12
-1.624849467174357637e-12
-1.015207606072759494e-12
-6.317472884368596508e-13
-3.912361823578437657e-13
-2.452537776827131807e-13
-1.552590925301897780e-13
-9.890646449922201339e-14
-4.327373247329339198e-08
-2.780820049183248743e-08
-1.797008149076516302e-08
-1.135889714712106949e-08
-6.962691722686520382e-09
-4.182075877136886722e-09
-2.481701309495680456e-09
-1.459231582989541517e-09
-8.547037143788105839e-10
-5.115217285868038625e-10
-3.075225825484926002e-10
-1.838601056841784310e-10
-1.086560797861905637e-10
-6.384554503702576568e-11
-3.813264862277232658e-11
-2.314086574993981059e-11
-1.377975885461977907e-11
-8.078896947757517493e-12
-4.709744222590637848e-12
-2.747672903668302267e-12
-1.614871462299900648e-12
-1.008571381184334262e-12
-6.277765859083571053e-13
-3.890242052921210612e-13
-2.440667078223238875e-13
-1.546488445421146385e-13
-9.861154371189089044e-14
-5.087550024922524156e-08
-3.374099674358772134e-08
-2.231236602965706772e-08
-1.435567092528542798e-08
-8.904872908981595101e-09
-5.369837548553395714e-09
-3.171047485831122117e-09
-1.839716710317548803e-09
-1.055587258603383567e-09
-6.169607406036587255e-10
-3.616902945968592493e-10
-2.107366188103316027e-10
-1.213705225895520121e-10
-6.959281843384496133e-11
-4.068688741998478400e-11
-2.424313580076629805e-11
-1.418698756001108676e-11
-8.190293630533287689e-12
-4.718495584747595706e-12
-2.732236540884413211e-12
-1.600348399676379143e-12
-9.990324510977708949e-13
-6.221747356748140351e-13
-3.859646968832591222e-13
-2.424487952907411747e-13
-1.538218382755823899e-13
-9.820913186908162597e-14
-5.430310151619865564e-08
-3.735755515533660110e-08
-2.547439467506424215e-08
-1.685298039486220169e-08
-1.071737635568388983e-08
-6.590074483820824046e-09
-3.940212612419111858e-09
-2.296372963813509372e-09
-1.312917557715499139e-09
-7.595417324285335177e-10
-4.385587565031997786e-10
-2.506200136781476212e-10
-1.410357871233552890e-10
-7.880772219778172840e-11
-4.490395991429385828e-11
-2.611633026093070934e-11
-1.491389460413043209e-11
-8.417032723505881279e-12
-4.762943737612145209e-12
-2.726028973169852859e-12
-1.587811755621656846e-12
-9.900394025568968071e-13
-6.167410286579646696e-13
-3.829789249479273399e-13
-2.408747246051807602e-13
-1.530219628067453295e-13
-9.782289402574801877e-14
-5.377499654027480594e-08
-3.825992308111138377e-08
-2.689529883640576351e-08
-1.832860442663471396e-08
-1.199977181575235275e-08
-7.576414629301517572e-09
-4.631089304041148453e-09
-2.744270404532865177e-09
-1.584965856573740894e-09
-9.195456916950737367e-10
-5.293020415595555851e-10
-2.998497965725261485e-10
-1.662863231796506320e-10
-9.104044223084951336e-11
-5.065472626291870692e-11
-2.873758729735547348e-11
-1.597225760769101413e-11
-8.776768905501471770e-12
-4.857109403381005583e-12
-2.738002873977269417e-12
-1.582307809551989183e-12
-9.844223237359879404e-13
-6.129919617164360175e-13
-3.808484168485035559e-13
-2.397453634782630633e-13
-1.524531782352645929e-13
-9.755476297429525678e-14
-5.031498772556337687e-08
-3.680506852417807375e-08
-2.656836629075369839e-08
-1.860572819994643247e-08
-1.253043783872246121e-08
-8.133948844809308961e-09
-5.101249902610665463e-09
-3.091841122511232215e-09
-1.818399129702403058e-09
-1.067423712724459146e-09
-6.182861036931518892e-10
-3.505565678586242466e-10
-1.933813755186975432e-10
-1.045979540917436625e-10
-5.718155902464967689e-11
-3.177195757324824520e-11
-1.722945410037987603e-11
-9.224546170981178256e-12
-4.988734943559148789e-12
-2.766034371303864379e-12
-1.584016036155913177e-12
-9.825363686821924911e-13
-6.111789932583204427e-13
-3.797125207672990828e-13
-2.391309095541518330e-13
-1.521488054509861702e-13
-9.741933542244086137e-14
-4.534147656801705356e-08
-3.390779085943134654e-08
-2.502389892847163822e-08
-1.794221516982904234e-08
-1.239523627111909185e-08
-8.260208469000683065e-09
-5.316001417629096427e-09
-3.301752761929319771e-09
-1.984598074794846964e-09
-1.184411749440033867e-09
-6.942920366603402475e-10
-3.965116049904000764e-10
-2.191038710009694719e-10
-1.179181099514084635e-10
-6.374258341030543243e-11
-3.487172203816826251e-11
-1.853583478973078628e-11
-9.701729864866302837e-12
-5.136458271400283973e-12
-2.802590303699907237e-12
-1.590154244125948611e-12
-9.830880985889360173e-13
-6.106715200352566460e-13
-3.792553059372715135e-13
-2.388674986666615341e-13
-1.520229010939585784e-13
-9.737160526209723153e-14
-4.002552739503031420e-08
-3.045978535647094759e-08
-2.288793111344980034e-08
-1.673803098696029241e-08
-1.182011347249523290e-08
-8.064204151326650472e-09
-5.316782420813218159e-09
-3.382613082931705351e-09
-2.079945862023370428e-09
-1.264693998720111024e-09
-7.525039386355126519e-10
-4.345010851672188243e-10
-2.415832154994843878e-10
-1.300190164656087817e-10
-6.984889956680195384e-11
-3.780063912352947429e-11
-1.978675220947173453e-11
-1.016584977720730220e-11
-5.283997986902439305e-12
-2.841492216323966213e-12
-1.598243057187327315e-12
-9.848676696362586861e-13
-6.108629643544225887e-13
-3.791700603441655517e-13
-2.387967016404600729e-13
-1.519934329589173340e-13
-9.736954099776338995e-14
-3.503412685094084133e-08
-2.703448540049983046e-08
-2.061143637406987159e-08
-1.531937480490774869e-08
-1.101931517870861306e-08
-7.671993607970595341e-09
-5.168843150580449469e-09
-3.363011941447994044e-09
-2.114140614204029171e-09
-1.310270582446123788e-09
-7.923166672992582605e-10
-4.634192272046664948e-10
-2.599327604583353923e-10
-1.403567579855505989e-10
-7.520827288091487476e-11
-4.041246733615133274e-11
-2.091631397650116442e-11
-1.059008608551936361e-11
-5.421148528761740893e-12
-2.878912613397899094e-12
-1.606761152677887342e-12
-9.871356297665774607e-13
-6.113834398508133041e-13
-3.792701217160128754e-13
-2.388224114045258654e-13
-1.520109787677896995e-13
-9.738814326223147794e-14
-3.063916325642104296e-08
-2.390489920692801378e-08
-1.843833982954039168e-08
-1.388513049821710996e-08
-1.014028566513763951e-08
-7.181965724832750333e-09
-4.930604892932639388e-09
-3.273206869007568581e-09
-2.100395371321431945e-09
-1.325946022446068000e-09
-8.148545436127379949e-10
-4.830735279137918438e-10
-2.736903787043053743e-10
-1.485678904661616867e-10
-7.960516591370465227e-11
-4.259486645907591111e-11
-2.187313909093312197e-11
-1.095371557625572981e-11
-5.540301443351416838e-12
-2.912170377688298938e-12
-1.614719279870163379e-12
-9.894332443598225590e-13
-6.120108648577774906e-13
-3.794455718890188860e-13
-2.388885983257791746e-13
-1.520469409869234958e-13
-9.741307599673493624e-14
-2.685440548368641544e-08
-2.113806880581900635e-08
-1.645896260425251568e-08
-1.252865248728313798e-08
-9.265432379067312271e-09
-6.657648039970884499e-09
-4.645084843529167224e-09
-3.138641397298367592e-09
-2.051647728562358506e-09
-1.317448115456437449e-09
-8.221610845619991355e-10
-4.938884375382959351e-10
-2.827323582752975404e-10
-1.544511895373452648e-10
-8.289780055440412077e-11
-4.426848345796533690e-11
-2.261933925777309053e-11
-1.124102046735623395e-11
-5.635571527645945256e-12
-2.939161207107006228e-12
-1.621335263693578536e-12
-9.913986450427300398e-13
-6.125714228238506784e-13
-3.796113053885423657e-13
-2.389523136742953937e-13
-1.520795820113742194e-13
-9.743352437997775495e-14
-2.360101420115932202e-08
-1.871639839532539217e-08
-1.469134931741709132e-08
-1.128643118360865955e-08
-8.436797663730930719e-09
-6.137384656192466788e-09
-4.341983911873883150e-09
-2.979244524616617024e-09
-1.979482089973324953e-09
-1.290738831669371648e-09
-8.168939932148815486e-10
-4.968234947407130035e-10
-2.872827715853490798e-10
-1.579956049169582137e-10
-8.503938774077238175e-11
-4.539909866706546095e-11
-2.313631897030152600e-11
-1.144362939373685925e-11
-5.703608120913257533e-12
-2.958602001452141696e-12
-1.626100022677266462e-12
-9.927882369772853110e-13
-6.129460680858784571e-13
-3.797088225457117369e-13
-2.389841832288941061e-13
-1.520941883071047010e-13
-9.744229239918670644e-14
-2.079605212251388904e-08
-1.660408227162683719e-08
-1.312895166663124040e-08
-1.016965867014239116e-08
-7.674480311138432639e-09
-5.643229236468196955e-09
-4.040714822782817730e-09
-2.809578988093286628e-09
-1.893348672063516553e-09
-1.251252211266454791e-09
-8.018185150861878051e-10
-4.930985307714175240e-10
-2.877870232000639089e-10
-1.593291258244271476e-10
-8.605823733211838750e-11
-4.598987088771448162e-11
-2.342207011064727279e-11
-1.155972111077140273e-11
-5.743422586265385737e-12
-2.970023741693226152e-12
-1.628796125845422481e-12
-9.934905403224444027e-13
-6.130784273415783225e-13
-3.797101712203363789e-13
-2.389702863776663653e-13
-1.520839526712333529e-13
-9.743621082769949379e-14
-1.838292405395396933e-08
-1.477171068650759923e-08
-1.176062867288782630e-08
-9.179497999137408381e-09
-6.987087242246749744e-09
-5.187023788754327075e-09
-3.753131186203533367e-09
-2.639492461095810153e-09
-1.800264191996082561e-09
-1.203388245209967243e-09
-7.793870147387026129e-10
-4.839220687219024919e-10
-2.847631392040041844e-10
-1.586464948502197591e-10
-8.602416917416751794e-11
-4.606592465478953117e-11
-2.348465522536881985e-11
-1.159150523029741431e-11
-5.755481647652622750e-12
-2.973457849266332100e-12
-1.629385826460865384e-12
-9.934759351672365729e-13
-6.129511781475007888e-13
-3.796064864799967174e-13
-2.389063407976236140e-13
-1.520469634130209796e-13
-9.741456922193267701e-14
-1.631899260785651484e-08
-1.319275427216071587e-08
-1.057185432438659985e-08
-8.310431690690641316e-09
-6.375428012740617911e-09
-4.773314883693003013e-09
-3.485262757476849643e-09
-2.474817507755687992e-09
-1.704876711208440602e-09
-1.150340903076818910e-09
-7.515427723062781953e-10
-4.703476767886251676e-10
-2.787179558183592842e-10
-1.561672273940215627e-10
-8.502873377621101128e-11
-4.566514478371831742e-11
-2.333820528018624702e-11
-1.154358738223136336e-11
-5.741060192237910696e-12
-2.969178967912175987e-12
-1.627903905803530268e-12
-9.927438963058064349e-13
-6.125597491161454229e-13
-3.793948970219793133e-13
-2.387910498269324352e-13
-1.519827993400473227e-13
-9.737737835149217554e-14
-1.456232784916428892e-08
-1.183840678202502664e-08
-9.543965014280698938e-09
-7.551797041594024568e-09
-5.834893550222279762e-09
-4.401606229729514442e-09
-3.238959586380580017e-09
-2.318324762153157360e-09
-1.609886676780337405e-09
-1.094229909061071078e-09
-7.197314265775683564e-10
-4.532528646167852698e-10
-2.701275179140534049e-10
-1.521245303529202320e-10
-8.318004928073697006e-11
-4.483593737809343758e-11
-2.300205129916974620e-11
-1.142266395380622391e-11
-5.702137520209645975e-12
-2.957667387502096188e-12
-1.624441766665005947e-12
-9.913146222437956146e-13
-6.119078376090477174e-13
-3.790761611309693275e-13
-2.386248643450114898e-13
-1.518918941208702744e-13
-9.732505360044164320e-14
-1.307100014350891779e-08
-1.067896566706053297e-08
-8.656653774558025247e-09
-6.890679356181272388e-09
-5.358225212441839212e-09
-4.068655448606884009e-09
-3.013561110126752469e-09
-2.170776170153661541e-09
-1.516611224035413495e-09
-1.036359382029862817e-09
-6.849969531729615066e-10
-4.333626988660804709e-10
-2.594360413394913832e-10
-1.467601303461096129e-10
-8.059920161536683417e-11
-4.363540287416820576e-11
-2.249999460724845119e-11
-1.123730846463954610e-11
-5.641365233995605209e-12
-2.939619669542130813e-12
-1.619159524098926741e-12
-9.892365135218919208e-13
-6.110114484722719958e-13
-3.786566929228147769e-13
-2.384109947385233008e-13
-1.517760495521557652e-13
-9.725867986261770689e-14
-1.180477954353698363e-08
-9.685856694269556248e-09
-7.890061232892245952e-09
-6.313903323920199781e-09
-4.937289582161707292e-09
-3.769948033204106754e-09
-2.807020485868258899e-09
-2.031694401230498781e-09
-1.425442085958662702e-09
-9.774523107227783452e-10
-6.480790368079790481e-10
-4.112766423884528698e-10
-2.470545759593167704e-10
-1.403168502120572794e-10
-7.741450622737659342e-11
-4.212610761973198916e-11
-2.185882214352576355e-11
-1.099740924250348956e-11
-5.561890576820488588e-12
-2.915902681493016473e-12
-1.612275844525816954e-12
-9.865832966324886658e-13
-6.098980454818414902e-13
-3.781482640659299085e-13
-2.381552758256530403e-13
-1.516383698344917327e-13
-9.717998106706023812e-14
-1.072818650520199170e-08
-8.833818975384330950e-09
-7.226346237279986305e-09
-5.809219471462551525e-09
-4.564040383237954178e-09
-3.500516336595998810e-09
-2.616590998059015592e-09
-1.899894106397568512e-09
-1.336206925697297263e-09
-9.178612920134453234e-10
-6.095143767192792345e-10
-3.875045016631057062e-10
-2.333661462294920352e-10
-1.330343409289916595e-10
-7.375703863966622057e-11
-4.037331396070527497e-11
-2.110694817048830047e-11
-1.071362160340238234e-11
-5.467168234543550478e-12
-2.887495837853038086e-12
-1.604050428216189757e-12
-9.834469920180597916e-13
-6.086035069461113164e-13
-3.775666000152724298e-13
-2.378654768790681285e-13
-1.514829169893539123e-13
-9.709115018486427798e-14
-9.812763660764082969e-09
-8.102142581249571933e-09
-6.650388128670375790e-09
-5.365767275871776949e-09
-4.230917526064430635e-09
-3.255351327914494727e-09
-2.439244941096975525e-09
-1.773860212862336313e-09
-1.248459549946047465e-09
-8.577544390123455102e-10
-5.697345061320220680e-10
-3.625059117713710423e-10
-2.187349454237484802e-10
-1.251474405116253979e-10
-6.975751098712164228e-11
-3.844281550083559317e-11
-2.027327941557457449e-11
-1.039687984439293798e-11
-5.360777569660631054e-12
-2.855427052623077767e-12
-1.594760833165135000e-12
-9.799273873923723642e-13
-6.071671542666574747e-13
-3.769289858826029153e-13
-2.375501111916708786e-13
-1.513141154472829327e-13
-9.699455522386160249e-14
-9.035445904213624327e-09
-7.473396237760251391e-09
-6.148907079562161553e-09
-4.973569525451356968e-09
-3.930666691301673304e-09
-3.029466912259907861e-09
-2.271881247850623086e-09
-1.651998018519048042e-09
-1.161695258519054925e-09
-7.972603155479176677e-10
-5.291437837270471042e-10
-3.367219244862611222e-10
-2.035133298352634396e-10
-1.168843545615842471e-10
-6.554335963613528297e-11
-3.639893809197446359e-11
-1.938615763362504588e-11
-1.005793148457111883e-11
-5.246240585240307766e-12
-2.820704778212470834e-12
-1.584676064600139901e-12
-9.761195178690532633e-13
-6.056256714078006159e-13
-3.762512953988280683e-13
-2.372169510850929217e-13
-1.511360074887762917e-13
-9.689237040444422169e-14
-8.376015662379666991e-09
-6.931685825004771167e-09
-5.709366417982765269e-09
-4.622954219581613107e-09
-3.656156774091044853e-09
-2.817977814844586524e-09
-2.111532988892641660e-09
-1.532863890614904951e-09
-1.075536960519502815e-09
-7.365865367864082112e-10
-4.881798986793805433e-10
-3.105977595711426715e-10
-1.880456792708197916e-10
-1.084643186112627729e-10
-6.123603522043138588e-11
-3.430279564540373570e-11
-1.847247404772334719e-11
-9.706963325572146017e-12
-5.126883641967887378e-12
-2.784269959090154910e-12
-1.574039173160825860e-12
-9.721056784464998343e-13
-6.040092750196363041e-13
-3.755461193855834707e-13
-2.368720890566450352e-13
-1.509517820590625060e-13
-9.678634354622765511e-14
-7.816047745461805729e-09
-6.461941031424890527e-09
-5.319623207588913591e-09
-4.304524860067001711e-09
-3.400581780425186474e-09
-2.616418661063805320e-09
-1.955696618297403822e-09
-1.415432841102029752e-09
-9.899129964990656651e-10
-6.761182088429583977e-10
-4.473580279082704449e-10
-2.845966917772526767e-10
-1.726690744241851766e-10
-1.000947963811048198e-10
-5.694856321764571941e-11
-3.221084443068457564e-11
-1.755697635996936461e-11
-9.353326960686150794e-12
-5.005745284361010182e-12
-2.746968637189086292e-12
-1.563059171236664997e-12
-9.679521447999661968e-13
-6.023402344991727853e-13
-3.748220460097884991e-13
-2.365195712636118879e-13
-1.507635898954333474e-13
-9.667770620332864038e-14
-7.338085864705898337e-09
-6.049519440576967989e-09
-4.967933298379009355e-09
-4.009455706130435079e-09
-3.157904952661254632e-09
-2.421197748700709341e-09
-1.802698815895865538e-09
-1.299341168595444035e-09
-9.051870789782659631e-10
-6.164739008078993887e-10
-4.072873731806722712e-10
-2.591998509668848503e-10
-1.577084999978500582e-10
-9.196719148891555127e-11
-5.278287156516343164e-11
-3.017346597199370170e-11
-1.666162348794803082e-11
-9.005287374750126014e-12
-4.885491057533035507e-12
-2.709525869208451834e-12
-1.551902975126631519e-12
-9.637057884474002195e-13
-6.006313015820772108e-13
-3.740828826297188891e-13
-2.361609961907779929e-13
-1.505723385536240012e-13
-9.656707245432653670e-14
-6.924340970803435230e-09
-5.679822879799053370e-09
-4.643138406068982859e-09
-3.729967912014172890e-09
-2.923398678650537517e-09
-2.230044422780951572e-09
-1.651984899487484091e-09
-1.185024863516355586e-09
-8.221957041136532364e-10
-5.584975027145268876e-10
-3.686507232902064938e-10
-2.348881381399752970e-10
-1.434649883989402125e-10
-8.425033032216831753e-11
-4.882650858168221632e-11
-2.823338890369609874e-11
-1.580490114827440763e-11
-8.669758815015554922e-12
-4.768321765273617605e-12
-2.672516104163764445e-12
-1.540685632929263152e-12
-9.593898284311059165e-13
-5.988837126237613367e-13
-3.733266670403785067e-13
-2.357950057370446328e-13
-1.503774306598985627e-13
-9.645430693456129572e-14
-6.556606544084595592e-09
-5.338955435560652235e-09
-4.335583657304228519e-09
-3.460210965643178467e-09
-2.694316868114971781e-09
-2.042409668639886937e-09
-1.504280486072295621e-09
-1.073725658888690162e-09
-7.421859887741787391e-10
-5.031894508932971867e-10
-3.321528499728144138e-10
-2.121107816216307378e-10
-1.301992981797477644e-10
-7.708294633635048263e-11
-4.514930643941008399e-11
-2.642421003099892440e-11
-1.500121960246927584e-11
-8.352084841925569007e-12
-4.655902228054185541e-12
-2.636342962772814654e-12
-1.529465055007298372e-12
-9.550019877421819703e-13
-5.970864524085638522e-13
-3.725453215210537259e-13
-2.354171023648559182e-13
-1.501766653419416277e-13
-9.633847243369789759e-14
-6.218468099120394487e-09
-5.015820344032225919e-09
-4.038802791792929665e-09
-3.197421590337718982e-09
-2.470535681677489008e-09
-1.859694030039727395e-09
-1.361561468858193935e-09
-9.673495357717407665e-10
-6.666649770323291899e-10
-4.515943189304149885e-10
-2.984516380778903408e-10
-1.912493033940699330e-10
-1.181157324509047274e-10
-7.056727508753670390e-11
-4.180091173064917429e-11
-2.476941632138492062e-11
-1.426055537784093498e-11
-8.055922174519626080e-12
-4.549330905996730344e-12
-2.601235057828170645e-12
-1.518243498026283245e-12
-9.505160525424129348e-13
-5.952172538861554961e-13
-3.717251850596649956e-13
-2.350199137618375613e-13
-1.499663661354537299e-13
-9.621788999747008565e-14
-5.898388106763244326e-09
-4.704400553474964017e-09
-3.750957069034323728e-09
-2.942620909621317169e-09
-2.254690031262318277e-09
-1.685049645048080553e-09
-1.226728993768471307e-09
-8.681565953994348253e-10
-5.971715643550201439e-10
-4.046604540522342249e-10
-2.680833991867009431e-10
-1.725832929439338995e-10
-1.073490028085679650e-10
-6.476486450421619586e-11
-3.880956622158432935e-11
-2.328203261564941687e-11
-1.358836603231678523e-11
-7.783227922950909802e-12
-4.449144344789734977e-12
-2.567252885426473928e-12
-1.506972838861619070e-12
-9.458851883671336483e-13
-5.932444788017098400e-13
-3.708480012813529900e-13
-2.345936966484135274e-13
-1.497416322526800846e-13
-9.609026065243647526e-14
-5.591548441650985366e-09
-4.404638188264859835e-09
-3.474928342115033992e-09
-2.700171568744805902e-09
-2.051457872968121000e-09
-1.522627965076273576e-09
-1.102977405009696801e-09
-7.783129065273930224e-10
-5.350041529514218804e-10
-3.630938186753811864e-10
-2.413940865169914237e-10
-1.562630342844510422e-10
-9.795581848117891726e-11
-5.969497883609557161e-11
-3.618216675495380702e-11
-2.196486724051126692e-11
-1.298575515063616876e-11
-7.534339606714221554e-12
-4.355352853027969803e-12
-2.534305890246012625e-12
-1.495563531283694645e-12
-9.410470607229529403e-13
-5.911299503882380060e-13
-3.698924188175439468e-13
-2.341271162082515264e-13
-1.494967338166622774e-13
-9.595285914106666331e-14
-5.299483030816701515e-09
-4.121304718462234185e-09
-3.216794854559996814e-09
-2.476176669271698777e-09
-1.866124297334746197e-09
-1.376456077681161210e-09
-9.930205884107485302e-10
-6.994225347498798888e-10
-4.809743394212270428e-10
-3.272428290796857177e-10
-2.184936009146451625e-10
-1.422961056656115945e-10
-8.991376920631925358e-11
-5.533642774614734877e-11
-3.390588535514302169e-11
-2.081146845081489235e-11
-1.244993905950133096e-11
-7.308174504308235846e-12
-4.267521707428398705e-12
-2.502187215337074678e-12
-1.483901052525877758e-12
-9.359328100130379072e-13
-5.888338170178990539e-13
-3.688365579755804992e-13
-2.336085860388459251e-13
-1.492257968305042397e-13
-9.580287315641913915e-14
-5.027676476348747215e-09
-3.861284597840952253e-09
-2.983259191939142351e-09
-2.276316472665896455e-09
-1.702951360956730804e-09
-1.249341443200145021e-09
-8.984414991695832644e-10
-6.321933086504398650e-10
-4.352649471554133275e-10
-2.970511459726748642e-10
-1.992493300972197244e-10
-1.305544415709738536e-10
-8.312989926972691324e-11
-5.163367415890000782e-11
-3.195167651774121329e-11
-1.980793039842748585e-11
-1.197507387451231483e-11
-7.102572580067757130e-12
-4.184907526271921430e-12
-2.470629745812372504e-12
-1.471871137263024587e-12
-9.304804302258182628e-13
-5.863216824432201818e-13
-3.676617470306718362e-13
-2.330282173191250124e-13
-1.489238024678704445e-13
-9.563790128091294165e-14
-4.782038953120013847e-09
-3.630344118960891835e-09
-2.779042233134639972e-09
-2.103957187575651431e-09
-1.563958799219682142e-09
-1.142190853305111832e-09
-8.193800992466766365e-10
-5.763399847201691751e-10
-3.974346177347168262e-10
-2.720934438984156406e-10
-1.833231535599230263e-10
-1.208024379659904279e-10
-7.745866542894596591e-11
-4.850689078626061805e-11
-3.027946435606334415e-11
-1.893543317010488331e-11
-1.155338248776379591e-11
-6.914751909301120197e-12
-4.106633413398666095e-12
-2.439374571789849520e-12
-1.459388989383819759e-12
-9.246498189281382719e-13
-5.835725013185403717e-13
-3.663566335118199075e-13
-2.323799617899085035e-13
-1.485876874174061914e-13
-9.545650306617593479e-14
-4.565742244680976255e-09
-3.430714241333840631e-09
-2.605259805501819889e-09
-1.959217073026386847e-09
-1.448514144106676737e-09
-1.053935117950122321e-09
-7.546270724932599733e-10
-5.307319985189023039e-10
-3.665555628570829679e-10
-2.516792533097915007e-10
-1.702409072932111109e-10
-1.127393192661522293e-10
-7.272559238905398911e-11
-4.586413160365810053e-11
-2.884412115593017407e-11
-1.817308642659966797e-11
-1.117638382294246201e-11
-6.741789297815948836e-12
-4.031864247992303182e-12
-2.408234180411754553e-12
-1.446423960757530585e-12
-9.184349085636657345e-13
-5.805847879665162067e-13
-3.649203893179305827e-13
-2.316632810890719414e-13
-1.482172018259725233e-13
-9.525862831967444363e-14
-4.377845957142327483e-09
-3.260448220183707071e-09
-2.459327078947235907e-09
-1.839223965538576021e-09
-1.353767474779925901e-09
-9.819969806783099288e-10
-7.020337538763042774e-10
-4.937064290866113101e-10
-3.414279387527659609e-10
-2.349893654579753667e-10
-1.594738642546542473e-10
-1.060448477375982604e-10
-6.875120420745371048e-11
-4.361307263746199047e-11
-2.760104975009820878e-11
-1.750051917621778532e-11
-1.083597861443777524e-11
-6.581023876645828075e-12
-3.959940480652723356e-12
-2.377132991377969829e-12
-1.433011925365599563e-12
-9.118688136986712951e-13
-5.773789944417884878e-13
-3.633638916558563728e-13
-2.308837583488524314e-13
-1.478152231297504061e-13
-9.504577305240107022e-14
-4.214115046051828054e-09
-3.114560897921784319e-09
-2.336177822790236439e-09
-1.739259362978906610e-09
-1.275623529691781124e-09
-9.230463463043768535e-10
-6.590524429844053284e-10
-4.634255351652806484e-10
-3.207997067861720397e-10
-2.212051098791838212e-10
-1.505112191404081106e-10
-1.004178514068556805e-10
-6.537026735120141884e-11
-4.167008388778394783e-11
-2.651035883453430050e-11
-1.689975578139612548e-11
-1.052519782224360719e-11
-6.430308720286398080e-12
-3.890443320419991857e-12
-2.346115649050055381e-12
-1.419251729186030917e-12
-9.050202531894544138e-13
-5.739951748558250237e-13
-3.617084225957903410e-13
-2.300524115928778070e-13
-1.473874005355544168e-13
-9.482079834023328664e-14
-4.069158445683021270e-09
-2.987066621240030947e-09
-2.230022661219356431e-09
-1.654169651917434830e-09
-1.209798430626207503e-09
-8.737391317945815487e-10
-6.232195092125165435e-10
-4.381720101082655937e-10
-3.035356016363387812e-10
-2.096017665464440207e-10
-1.429095508405753415e-10
-9.560107936704762620e-11
-6.244352176949594777e-11
-3.996545948204984925e-11
-2.553914187169926788e-11
-1.635617410166275633e-11
-1.023853900686551178e-11
-6.288089154636262143e-12
-3.823188422319680248e-12
-2.315324808174770143e-12
-1.405287628102894029e-12
-8.979825116369072210e-13
-5.704866660340012505e-13
-3.599822755039361072e-13
-2.291839099194584418e-13
-1.469412325808336985e-13
-9.458746332415381325e-14
-3.938527549687893681e-09
-2.872831248830531512e-09
-2.135843109300059140e-09
-1.579490081775455128e-09
-1.152607622676875535e-09
-8.312322796654218367e-10
-5.924694742589340182e-10
-4.165271704629009367e-10
-2.887110664148062219e-10
-1.995961914297251549e-10
-1.363156745161829824e-10
-9.139139512750776335e-11
-5.986182017703857570e-11
-3.844494253073510270e-11
-2.466199322452249530e-11
-1.585863981276166883e-11
-9.971950470405273024e-12
-6.153344049132456393e-12
-3.758169564355520887e-12
-2.284960765886866406e-12
-1.391284544662800776e-12
-8.908588269292303850e-13
-5.669119169125680661e-13
-3.582163966312010377e-13
-2.282942848957709609e-13
-1.464848856244624901e-13
-9.434982972394419947e-14
-3.819902067551350514e-09
-2.768629324381603470e-09
-2.050229565960983164e-09
-1.512054402117491711e-09
-1.101372524299924861e-09
-7.934320500064152521e-10
-5.652732195917906337e-10
-3.974400699243002832e-10
-2.756425240433730868e-10
-1.907584769236513736e-10
-1.304700241541628436e-10
-8.763998858793553891e-11
-5.754549788302395315e-11
-3.706913665647743024e-11
-2.386063587845290556e-11
-1.539929429196612742e-11
-9.722713728716246234e-12
-6.025518155851558956e-12
-3.695517474054698709e-12
-2.255256264515535915e-12
-1.377413314837997909e-12
-8.837537584028097337e-13
-5.633296989099223776e-13
-3.564418703869790850e-13
-2.273996520823072553e-13
-1.460265713863030673e-13
-9.411197841452720765e-14
