-3.536765122423097551e-09
-2.402835792250786167e-09
-1.682970286179600042e-09
-1.181372993257205546e-09
-8.248028631300090522e-10
-5.750204808632835448e-10
-4.002521295068620761e-10
-2.770448425091572199e-10
-1.901425697731503175e-10
-1.306064739898537724e-10
-8.871579774605490182e-11
-5.918346420293354347e-11
-3.862658941872225307e-11
-2.481763432449346983e-11
-1.604397653944606082e-11
-1.048943765388009992e-11
-6.775556868960807332e-12
-4.339766065924616537e-12
-2.772446911870010077e-12
-1.769173419809202732e-12
-1.129055101468479278e-12
-7.492678499924591138e-13
-4.924984054578540614e-13
-3.202562412580238354e-13
-2.089162382576209091e-13
-1.366060870663502597e-13
-8.934702957093333835e-14
-3.577314680637040419e-09
-2.444896907483838371e-09
-1.721647988224874630e-09
-1.214475909120722009e-09
-8.514819871744062561e-10
-5.953794801442804875e-10
-4.150248268826014156e-10
-2.872468800601890464e-10
-1.968492883338877062e-10
-1.348716881587902308e-10
-9.131863326108664245e-11
-6.069568858684216102e-11
-3.945650775349212448e-11
-2.525101268305711458e-11
-1.626788259763388039e-11
-1.060559300021355635e-11
-6.833207580454499979e-12
-4.367305566272073810e-12
-2.785353644731524037e-12
-1.775184115243389199e-12
-1.131869556685981787e-12
-7.507225904132244331e-13
-4.932389650626498991e-13
-3.206266207485687131e-13
-2.091050895747324243e-13
-1.367044963178926801e-13
-8.939964013016624426e-14
-3.637385593187286121e-09
-2.502355549847489256e-09
-1.771847297030148430e-09
-1.255793382594158988e-09
-8.837264543499889994e-10
-6.193382871664790457e-10
-4.320298847202990199e-10
-2.987762416682772743e-10
-2.043138970625825827e-10
-1.395639177734325231e-10
-9.415544265112866738e-11
-6.233128588804479932e-11
-4.034863283112961182e-11
-2.571486864328781575e-11
-1.650703668690341579e-11
-1.072964479132879151e-11
-6.894871519187518314e-12
-4.396858135806867150e-12
-2.799269270743260341e-12
-1.781701522385841322e-12
-1.134940122732565140e-12
-7.523180100375870503e-13
-4.940557013508734433e-13
-3.210373953168715002e-13
-2.093153847373345644e-13
-1.368142127414976951e-13
-8.945810086790322127e-14
-3.722863033734687543e-09
-2.578881108857246130e-09
-1.835811473587039594e-09
-1.306635725168980002e-09
-9.222577159998507743e-10
-6.472751897401942942e-10
-4.514583515585380396e-10
-3.117268032059527361e-10
-2.125824426334699883e-10
-1.447072755353527861e-10
-9.723954085256985948e-11
-6.409786783515875025e-11
-4.130735651870977835e-11
-2.621171265117768942e-11
-1.676286892002562643e-11
-1.086240385681715413e-11
-6.960988501778093945e-12
-4.428652543767302707e-12
-2.814309221205351256e-12
-1.788782548242811334e-12
-1.138294496447601533e-12
-7.540687568785493502e-13
-4.949562416518208292e-13
-3.214924528717671462e-13
-2.095491012398199804e-13
-1.369362210021975395e-13
-8.952288255806727035e-14
-3.840858778859032821e-09
-2.678783233314479879e-09
-1.916137286388717719e-09
-1.368512827416809302e-09
-9.679134876506092157e-10
-6.796404100252713071e-10
-4.735483117880495378e-10
-3.262240037060919201e-10
-2.217221099471589280e-10
-1.503399090483134874e-10
-1.005932939354411770e-10
-6.600864689564470433e-11
-4.234036506247949460e-11
-2.674590530258260933e-11
-1.703783475531479601e-11
-1.100524997050446055e-11
-7.032303127627729472e-12
-4.463076571835995024e-12
-2.830671209833517447e-12
-1.796526797073633296e-12
-1.141982781317878426e-12
-7.560022366262520966e-13
-4.959554249907465466e-13
-3.219997166718491968e-13
-2.098105022121871899e-13
-1.370728112002323813e-13
-8.959520532853060608e-14
-3.999572633261740250e-09
-2.806885235933063850e-09
-2.015676778401086697e-09
-1.443061860293659035e-09
-1.021596002335140004e-09
-7.169194598395479666e-10
-4.985590958945948853e-10
-3.424069338873367186e-10
-2.318090570957292670e-10
-1.565058816281500274e-10
-1.042428660863678990e-10
-6.807917093296512036e-11
-4.345670195298747458e-11
-2.732255324376084280e-11
-1.733479021554570528e-11
-1.115977628150774270e-11
-7.109668175643583769e-12
-4.500570558667765925e-12
-2.848577910385424211e-12
-1.805045624073676224e-12
-1.146060636888461526e-12
-7.581487537930090734e-13
-4.970695854195957104e-13
-3.225678697064747275e-13
-2.101042423885180747e-13
-1.372264765320924010e-13
-8.967639440203318657e-14
-4.208243722978617792e-09
-2.968478509376038484e-09
-2.137508550217372671e-09
-1.532032042850765403e-09
-1.084265200600206740e-09
-7.596305466675882981e-10
-5.267703725156700956e-10
-3.604279515380680923e-10
-2.429281515054179852e-10
-1.632549521940028768e-10
-1.082180511044338350e-10
-7.032721109587459200e-11
-4.466670399858974408e-11
-2.794747812879444398e-11
-1.765697860967157440e-11
-1.132778427915367540e-11
-7.194043224604903475e-12
-4.541627315722617279e-12
-2.868277157284356788e-12
-1.814462307512028858e-12
-1.150589377079682805e-12
-7.605415642025309671e-13
-4.983165780955023929e-13
-3.232063659577528039e-13
-2.104353711242253135e-13
-1.373999117964240212e-13
-8.976787654176520507e-14
-4.477025946445027689e-09
-3.169245903277941743e-09
-2.284896452113207766e-09
-1.637265019727940522e-09
-1.156930869699660649e-09
-8.083219420088828890e-10
-5.584813127769000785e-10
-3.804522397238474223e-10
-2.551725339976149653e-10
-1.706421492862961390e-10
-1.125519201150234564e-10
-7.277251116551711497e-11
-4.598184542981141295e-11
-2.862713040329647635e-11
-1.800798592233797846e-11
-1.151126146404355941e-11
-7.286484321056471703e-12
-4.586787719591230751e-12
-2.890040204862429554e-12
-1.824911428344220697e-12
-1.155635789497427218e-12
-7.632168379243295636e-13
-4.997157961858417350e-13
-3.239254612554718010e-13
-2.108093608325081389e-13
-1.375960351347993424e-13
-8.987119529805968844e-14
-4.816733123722785918e-09
-3.415116835597852806e-09
-2.461208404567593663e-09
-1.760650867039568009e-09
-1.240629365507447233e-09
-8.635591905166604994e-10
-5.940028463630829865e-10
-4.026526107402637255e-10
-2.686399362272142917e-10
-1.787251587485022650e-10
-1.172790474719646815e-10
-7.543565507879769613e-11
-4.741406501351927360e-11
-2.936821491828555579e-11
-1.839153797785770934e-11
-1.171227210414550988e-11
-7.388087699609490942e-12
-4.636612786577260200e-12
-2.914148154815104578e-12
-1.836532347660787546e-12
-1.161269008470462947e-12
-7.662120214612708336e-13
-5.012873290588772686e-13
-3.247357914228744487e-13
-2.112318952831424676e-13
-1.378178825911903384e-13
-8.998795954077045982e-14
-5.238336201447979616e-09
-3.711971175790113735e-09
-2.669736066155906812e-09
-1.904018113826099795e-09
-1.336356471572193980e-09
-9.258831578706420189e-10
-6.336305823741365831e-10
-4.271916145817156590e-10
-2.834207956551161517e-10
-1.875564533107722318e-10
-1.224304530739979561e-10
-7.833496246687904961e-11
-4.897396570255712377e-11
-3.017669986069128272e-11
-1.881096361724127580e-11
-1.193266647300487739e-11
-7.499838525212488115e-12
-4.691607621814584290e-12
-2.940854402123272113e-12
-1.849450826886761851e-12
-1.167551517143022003e-12
-7.695610300139993991e-13
-5.030494307418297262e-13
-3.256470653429499936e-13
-2.117081911735438127e-13
-1.380682568063149486e-13
-9.011966365496363359e-14
-5.751898782668516403e-09
-4.064972145993858143e-09
-2.913261185882010004e-09
-2.068851725942087660e-09
-1.444885432094782864e-09
-9.956925761857668156e-10
-6.775688308645516270e-10
-4.541725672636717132e-10
-2.995670143883795741e-10
-1.971634170352181152e-10
-1.280212496316378346e-10
-8.147909456115288440e-11
-5.066659842990368309e-11
-3.105551672904014707e-11
-1.926795260922373187e-11
-1.217340792160159665e-11
-7.622260149593884574e-12
-4.752044516146716400e-12
-2.970296941065399891e-12
-1.863735918665298967e-12
-1.174517937473989803e-12
-7.732828606047539752e-13
-5.050124895434352066e-13
-3.266649299205900069e-13
-2.122413582000847945e-13
-1.383488707293127618e-13
-9.026724511687244472e-14
-6.364119584737607818e-09
-4.476954851069721371e-09
-3.192971785178292140e-09
-2.255569478692054630e-09
-1.566292162040801894e-09
-1.072936578649383512e-09
-7.257339575830324264e-10
-4.835157992950673827e-10
-3.170154640880372718e-10
-2.075011343529006878e-10
-1.340220463367289921e-10
-8.485027241108401207e-11
-5.248202152257809174e-11
-3.199944826586312930e-11
-1.975980234203981682e-11
-1.243308156051938778e-11
-7.754636121808621631e-12
-4.817569937989217559e-12
-3.002303171242677930e-12
-1.879303811673766989e-12
-1.182127613495322609e-12
-7.773560817216669189e-13
-5.071654835325463004e-13
-3.277839069751853414e-13
-2.128286921664692108e-13
-1.386584054495307738e-13
-9.043007734542340103e-14
-7.072314217141217620e-09
-4.944396622605574101e-09
-3.505719075910436633e-09
-2.461678306908272503e-09
-1.698744697013086085e-09
-1.156335928452476415e-09
-7.772634402362908449e-10
-5.146562889086568552e-10
-3.354059352411567213e-10
-2.183428240468833506e-10
-1.402940062313539000e-10
-8.836680518617926441e-11
-5.437446504877184946e-11
-3.298391680933277961e-11
-2.027339261740425672e-11
-1.270463122518871760e-11
-7.893306694368543617e-12
-4.886342950538117384e-12
-3.035961376530248092e-12
-1.895706428649945119e-12
-1.190160206710602849e-12
-7.816625873405910300e-13
-5.094460692897365287e-13
-3.289717655619745526e-13
-2.134534567901873003e-13
-1.389881958663234358e-13
-9.060372793572489880e-14
-7.849460603438840533e-09
-5.447356769537193253e-09
-3.837165476481183623e-09
-2.677179676664358067e-09
-1.835503296647671625e-09
-1.241471634659518603e-09
-8.293276907020609806e-10
-5.458251750560091009e-10
-3.536577309277201943e-10
-2.290301697029915382e-10
-1.464434662447818051e-10
-9.180036914347878962e-11
-5.621677033749559386e-11
-3.394058886685117826e-11
-2.077209484315035541e-11
-1.296826882042341299e-11
-8.027963983971194126e-12
-4.953159203681733461e-12
-3.068686505415120838e-12
-1.911669995116830607e-12
-1.197987543114272343e-12
-7.858645585334300115e-13
-5.116750725473285844e-13
-3.301352470338250163e-13
-2.140668332347769952e-13
-1.393127416640777706e-13
-9.077502169774280005e-14
-8.609332978637722995e-09
-5.926072145107554501e-09
-4.145903444311867069e-09
-2.873974935566674465e-09
-1.958050299124526482e-09
-1.316445727111876291e-09
-8.744614865255343539e-10
-5.724565789317604196e-10
-3.690440392546773928e-10
-2.379346064091826831e-10
-1.515117069550608916e-10
-9.460095673285487857e-11
-5.770448110895517074e-11
-3.470613215788046618e-11
-2.116827693549521207e-11
-1.317657041788501576e-11
-8.133856545779201333e-12
-5.005499186001128498e-12
-3.094250302429414756e-12
-1.924121258435263153e-12
-1.204091769894017831e-12
-7.891444438090296647e-13
-5.134179319914422765e-13
-3.310474971419653806e-13
-2.145496623500092557e-13
-1.395695762621691554e-13
-9.091155863022819489e-14
-9.147151841898783711e-09
-6.240963975356449445e-09
-4.336269076328284222e-09
-2.987707394676535873e-09
-2.024302722555969738e-09
-1.354425187428827066e-09
-8.959673403657630320e-10
-5.844324330371965743e-10
-3.755817660429642864e-10
-2.415134436842250152e-10
-1.534270270663586291e-10
-9.558517287099277115e-11
-5.818377521650839361e-11
-3.492973156386160607e-11
-2.127348640802968535e-11
-1.322741028122459332e-11
-8.157610870844243505e-12
-5.016334589022702299e-12
-3.099194537467974659e-12
-1.926414723369192792e-12
-1.205188480651894264e-12
-7.897318556007094346e-13
-5.137325808394352328e-13
-3.312159694796905027e-13
-2.146427653171621030e-13
-1.396225872451727286e-13
-9.094261399379594159e-14
-9.174296062366855598e-09
-6.191987953945857909e-09
-4.269226639284303973e-09
-2.923516804816216998e-09
-1.971280322812619657e-09
-1.314582337599876625e-09
-8.679711792391361487e-10
-5.657504892289362990e-10
-3.635949620055414799e-10
-2.339143851764106520e-10
-1.486999710563555860e-10
-9.272611947032808633e-11
-5.651982683829254858e-11
-3.399692934130789428e-11
-2.075596852686655852e-11
-1.294054902166894576e-11
-8.004901386834907148e-12
-4.937878212887113798e-12
-3.059730715017219996e-12
-1.906811958153906176e-12
-1.195480875253062914e-12
-7.845036369018773505e-13
-5.109573685823572596e-13
-3.297716750136304814e-13
-2.138886407811655132e-13
-1.392313976137885609e-13
-9.074325696752868083e-14
-8.976108263256002134e-09
-5.943165740019597469e-09
-4.039222669698721940e-09
-2.732626794870840084e-09
-1.823667989108740301e-09
-1.206451980521438772e-09
-7.920768271755495723e-10
-5.144096273119437242e-10
-3.299710248965020916e-10
-2.122140532553698000e-10
-1.350535374046726090e-10
-8.445198266396576415e-11
-5.173092443706538404e-11
-3.134253927652823379e-11
-1.930194610554583195e-11
-1.214369717762571080e-11
-7.585263834322244845e-12
-4.724373820438082543e-12
-2.953191003930519966e-12
-1.854200964041153466e-12
-1.169520786782270871e-12
-7.705401629060815210e-13
-5.035460885694678657e-13
-3.259089256038050997e-13
-2.118642568943816502e-13
-1.381743810630719598e-13
-9.019875764341453041e-14
-1.042058084497372042e-08
-6.736773169088809631e-09
-4.470998013778319496e-09
-2.947089515185001441e-09
-1.910267108483662970e-09
-1.224483362115546646e-09
-7.777477775800778065e-10
-4.884056298976737718e-10
-3.034524665399094048e-10
-1.902952772634713316e-10
-1.189625329476787103e-10
-7.368238544319432307e-11
-4.510906487139281765e-11
-2.755306877859182779e-11
-1.719908116663282872e-11
-1.098693264167504654e-11
-6.976118043058641643e-12
-4.415200249962458754e-12
-2.799484807772149501e-12
-1.778618644708312946e-12
-1.132380775686101597e-12
-7.506220538080960494e-13
-4.930007251020150723e-13
-3.204230805105842131e-13
-2.089925597583710663e-13
-1.366761592242163274e-13
-8.942752017743353144e-14
-1.464914668583982245e-08
-9.529769144408254098e-09
-6.301701143844648608e-09
-4.102325238729412250e-09
-2.597930751525099545e-09
-1.606482449338882486e-09
-9.710959315330669260e-10
-5.727663534074432022e-10
-3.311373853067035680e-10
-1.939858095676836868e-10
-1.143801251086128061e-10
-6.782118024341807151e-11
-4.050343416807150772e-11
-2.460992936468834222e-11
-1.548834823097457867e-11
-1.002841200162522332e-11
-6.467489727356184982e-12
-4.156867644825219171e-12
-2.671552347118894792e-12
-1.716127915901456632e-12
-1.101922237544400266e-12
-7.343960809458792935e-13
-4.844646807577755478e-13
-3.160084344649956637e-13
-2.066940104457323348e-13
-1.354845349454134930e-13
-8.881946406534287829e-14
-1.888295226410446499e-08
-1.269041359633811375e-08
-8.575963853253363608e-09
-5.663913657632361662e-09
-3.608529763343659161e-09
-2.219236810814336914e-09
-1.315579663604989031e-09
-7.487959375933331529e-10
-4.108799808389778062e-10
-2.265523588992261438e-10
-1.254466749587900593e-10
-7.024170706722657536e-11
-4.017518079768152960e-11
-2.385093239611541343e-11
-1.491724371211647747e-11
-9.677929648260744054e-12
-6.273567138280340964e-12
-4.057058512252138673e-12
-2.622400901842816161e-12
-1.692553128749954321e-12
-1.090732739105014230e-12
-7.285765360921179300e-13
-4.814761520338195099e-13
-3.144987178254267366e-13
-2.059264080468166379e-13
-1.350988891137467417e-13
-8.863193487000215560e-14
-2.020154427989745292e-08
-1.410253074677305504e-08
-9.817652709596703731e-09
-6.648850321999532557e-09
-4.323591756091456565e-09
-2.695621110929781227e-09
-1.606702586608887882e-09
-9.110120408204904061e-10
-4.928805113847215989e-10
-2.656485011100922488e-10
-1.428300073593448069e-10
-7.737748652289155309e-11
-4.287906074300856009e-11
-2.484914072836908492e-11
-1.531908704311904943e-11
-9.859063450755375206e-12
-6.357294330157798213e-12
-4.096995363397568674e-12
-2.642209601872701443e-12
-1.702683774575769567e-12
-1.096030005622957443e-12
-7.315739237939869497e-13
-4.831439060347691923e-13
-3.154060153532988237e-13
-2.064225944866565651e-13
-1.353729280235079900e-13
-8.878495909817036802e-14
-1.887887837280776825e-08
-1.363165719405820531e-08
-9.761031248842512660e-09
-6.780635564190447288e-09
-4.511781542460701167e-09
-2.867808523486449514e-09
-1.735510124613652862e-09
-9.952305735224939835e-10
-5.424538089162863169e-10
-2.932345081535271737e-10
-1.574712368577367059e-10
-8.481678207494284900e-11
-4.651337862768801779e-11
-2.659779656868438157e-11
-1.618834508666491369e-11
-1.030737130985084936e-11
-6.583339608702951672e-12
-4.208847203352666605e-12
-2.697282038694781170e-12
-1.729831938191547649e-12
-1.109515222322709154e-12
-7.388881208544906794e-13
-4.870589241297671529e-13
-3.174635209997877858e-13
-2.075121083059122220e-13
-1.359519176234492621e-13
-8.909223979744084327e-14
-1.642543606631048698e-08
-1.216616372218110169e-08
-8.910350901862131856e-09
-6.323419520939396761e-09
-4.295240327894868115e-09
-2.783353984650127187e-09
-1.715096578032398368e-09
-1.000976992756254126e-09
-5.553046031131070087e-10
-3.050735861746537597e-10
-1.661881623422815041e-10
-9.047188635332916654e-11
-4.983862470646529883e-11
-2.841376047555909226e-11
-1.715765275497708362e-11
-1.082547370480203956e-11
-6.849814478874994252e-12
-4.341720667955441711e-12
-2.762607270885571848e-12
-1.761790288627094243e-12
-1.125213586738892721e-12
-7.473193074614503285e-13
-4.915283753312703840e-13
-3.197907342323223135e-13
-2.087334272382825984e-13
-1.365940777310581949e-13
-8.942827026754376592e-14
-1.388798843626450262e-08
-1.045310700255626145e-08
-7.775773982394845729e-09
-5.606649580474776505e-09
-3.872388990359588598e-09
-2.553226170406315233e-09
-1.602440250726199827e-09
-9.543323970711702671e-10
-5.415249977262969578e-10
-3.043035454821465667e-10
-1.694061295633201506e-10
-9.395182779307449281e-11
-5.239262430589709884e-11
-2.997369869413203916e-11
-1.803640544543708523e-11
-1.130738424337663222e-11
-7.101280428693305750e-12
-4.467923500797323967e-12
-2.824686884127637526e-12
-1.792054346468201226e-12
-1.139989235134467655e-12
-7.552089216870215435e-13
-4.956856119390005680e-13
-3.219422527271322621e-13
-2.098556485949002564e-13
-1.371798369621028444e-13
-8.973183648242250717e-14
-1.169465278974695238e-08
-8.868077417421486054e-09
-6.655823481980403221e-09
-4.850099210917921941e-09
-3.392521290956623153e-09
-2.270558935337937998e-09
-1.450482381488749113e-09
-8.822555694772117465e-10
-5.131255072252713572e-10
-2.956953411403520670e-10
-1.686747191505132554e-10
-9.555704119663658226e-11
-5.410364540189245046e-11
-3.116174850891726238e-11
-1.874300404862645238e-11
-1.170485862966046793e-11
-7.311799243600019566e-12
-4.574393324599810747e-12
-2.877180189040581251e-12
-1.817604987209393337e-12
-1.152410939015883870e-12
-7.618115735470398488e-13
-4.991474307961654991e-13
-3.237243970395032437e-13
-2.107799983101224006e-13
-1.376589777562899287e-13
-8.997782404812639624e-14
-9.932197771495077549e-09
-7.538647864513641498e-09
-5.678839518057246947e-09
-4.164065190069318926e-09
-2.939781591176879288e-09
-1.992768385467273581e-09
-1.294315300652047746e-09
-8.038216412363050607e-10
-4.792206065303826008e-10
-2.832027521567447813e-10
-1.654934769612424775e-10
-9.574393582848921269e-11
-5.505416876468711275e-11
-3.196394147797646086e-11
-1.925416614687005917e-11
-1.200150179924368543e-11
-7.471865373925630824e-12
-4.656193235151017920e-12
-2.917680836531682728e-12
-1.837311984040279839e-12
-1.161957077978073112e-12
-7.668631986030852659e-13
-5.017824338675504429e-13
-3.250731316638512108e-13
-2.114750801114685459e-13
-1.380163047683551267e-13
-9.015914959106322140e-14
-8.555776475587088248e-09
-6.474085079325085893e-09
-4.877909148133614910e-09
-3.588258075872834345e-09
-2.550311628508913969e-09
-1.747465281033701586e-09
-1.152272329552282322e-09
-7.297277140303210634e-10
-4.453022071333104864e-10
-2.694076836990671284e-10
-1.609592282081471017e-10
-9.492212440998252424e-11
-5.537276859420608503e-11
-3.241324186160493362e-11
-1.957686868372528327e-11
-1.219816268568308176e-11
-7.581037422443204017e-12
-4.712889046980100486e-12
-2.945953882878912903e-12
-1.851078139390082214e-12
-1.168597563587662428e-12
-7.703571020577136599e-13
-5.035924078642345376e-13
-3.259922479736149443e-13
-2.119443903869680389e-13
-1.382545682501371929e-13
-9.027785533588312356e-14
-7.487557150263931064e-09
-5.638650252701477830e-09
-4.241713261498660472e-09
-3.124616686967047830e-09
-2.231695101235322431e-09
-1.542984329890909390e-09
-1.031083227081364797e-09
-6.645043960545245510e-10
-4.140178692511309093e-10
-2.557233636048107143e-10
-1.557674330444154696e-10
-9.340691834926843978e-11
-5.519119171990429702e-11
-3.256235519883701421e-11
-1.973320549197130572e-11
-1.230482192406402693e-11
-7.643820108337105426e-12
-4.746540078196570947e-12
-2.962972698616164185e-12
-1.859380134515260303e-12
-1.172573668550743801e-12
-7.724276459941453683e-13
-5.046515164089847017e-13
-3.265220507346080030e-13
-2.122100259257527593e-13
-1.383859773232324516e-13
-9.034072498409772409e-14
-6.653032914770329568e-09
-4.985330103100477063e-09
-3.742260184348164469e-09
-2.758158567676078209e-09
-1.977265550937737402e-09
-1.377295860850363129e-09
-9.308704252228282328e-10
-6.089908370174995944e-10
-3.862237348645784648e-10
-2.427835399043146569e-10
-1.503213027349238078e-10
-9.142869726975585547e-11
-5.462945187200511899e-11
-3.246988011660507306e-11
-1.975176798890034045e-11
-1.233578895047345921e-11
-7.667186453709545315e-12
-4.760487244674882708e-12
-2.970341422968588665e-12
-1.862996000855739903e-12
-1.174268952799955284e-12
-7.732827626884169328e-13
-5.050713818595541365e-13
-3.267215562093854369e-13
-2.123035030593864797e-13
-1.384274574664290367e-13
-9.035685533682310645e-14
-5.991519939323412733e-09
-4.469938423617717801e-09
-3.348804515201761974e-09
-2.468839871925026268e-09
-1.775076847634324313e-09
-1.244045820213412651e-09
-8.487614834613554191e-10
-5.622320781520541020e-10
-3.618428795799562595e-10
-2.307848420811126526e-10
-1.448430968672754442e-10
-8.915490437272604354e-11
-5.379145170524312020e-11
-3.219280737548904158e-11
-1.966242982179243204e-11
-1.230667028648317195e-11
-7.658975657582311563e-12
-4.758558633288271266e-12
-2.969913809482087267e-12
-1.862824886913484847e-12
-1.174124005791228527e-12
-7.731594981484628513e-13
-5.049781669167494444e-13
-3.266568583692152686e-13
-2.122597851483338992e-13
-1.383975808164924964e-13
-9.033609371012309496e-14
-5.457574033012118816e-09
-4.056385578002370450e-09
-3.034266198434303164e-09
-2.237637460333636678e-09
-1.612836570352949911e-09
-1.136052910488903196e-09
-7.810694966414168791e-10
-5.226679145850660759e-10
-3.404239168904579239e-10
-2.197189166336735855e-10
-1.394543217848305941e-10
-8.670880163561564096e-11
-5.276411390889096420e-11
-3.178234065218580986e-11
-1.949315837456470951e-11
-1.223243971726673507e-11
-7.626844242109669008e-12
-4.744538343410962527e-12
-2.963534402356266092e-12
-1.859763315097216703e-12
-1.172577492700031542e-12
-7.722931731100376518e-13
-5.044966485128450820e-13
-3.263930410008237598e-13
-2.121131343857653980e-13
-1.383144390222080456e-13
-9.028795919243768994e-14
-5.019318191297980379e-09
-3.717806305268757585e-09
-2.777525579363320096e-09
-2.049088084952722547e-09
-1.480143408586109392e-09
-1.046985254490728241e-09
-7.243855380028224582e-10
-4.887529237299046955e-10
-3.214444164724729451e-10
-2.095038909486121323e-10
-1.342236472099183236e-10
-8.418196936660814671e-11
-5.161776440783720075e-11
-3.128178786273913448e-11
-1.926823001357965385e-11
-1.212630621534465402e-11
-7.577629360778523175e-12
-4.721835311178189739e-12
-2.952873844557780355e-12
-1.854625264024477144e-12
-1.170027698385007704e-12
-7.708971692136908328e-13
-5.037397474403912647e-13
-3.259888537025449371e-13
-2.118943832745792506e-13
-1.381942481862361328e-13
-9.022093898742759645e-14
-4.655641066648063022e-09
-3.435634499660730881e-09
-2.563476325986753255e-09
-1.891797843423964339e-09
-1.369119804404860696e-09
-9.719187211133184910e-10
-6.759835452512800469e-10
-4.592070081212463650e-10
-3.044438323016063102e-10
-2.000466745508673680e-10
-1.291918890034896102e-10
-8.164204861053347490e-11
-5.040725708828727133e-11
-3.072591881220946667e-11
-1.900748505146603364e-11
-1.199919134931002379e-11
-7.517036047143063757e-12
-4.693313500482564893e-12
-2.939341931607421570e-12
-1.848099173867335791e-12
-1.166811619510751586e-12
-7.691519009941269006e-13
-5.028028123234834197e-13
-3.254938112467494168e-13
-2.116294556456676879e-13
-1.380505995520501645e-13
-9.014211597558287972e-14
-4.353114705533157036e-09
-3.197783284356841997e-09
-2.382012776090481076e-09
-1.757948294030398395e-09
-1.274229700061152388e-09
-9.073141068144050899e-10
-6.338598073252243277e-10
-4.330650087110870519e-10
-2.890615323379709156e-10
-1.912660089350559489e-10
-1.243838260404814563e-10
-7.913783302744943970e-11
-4.917369959147636883e-11
-3.014134619815571725e-11
-1.872631718075768487e-11
-1.185964676445898746e-11
-7.449564058207524671e-12
-4.661244334406751352e-12
-2.924060846731042045e-12
-1.840734062590934832e-12
-1.163198095526693929e-12
-7.672012020019392353e-13
-5.017617683698999929e-13
-3.249472735357392441e-13
-2.113389121495916103e-13
-1.378942403343737526e-13
-9.005706816996132628e-14
-4.103176145395838578e-09
-2.996663177131084901e-09
-2.226692981329388359e-09
-1.642447746778282843e-09
-1.191784514514271010e-09
-8.507596580782909009e-10
-5.966181832654008429e-10
-4.096379208492183405e-10
-2.750314070871028653e-10
-1.830969726253278666e-10
-1.198136656260169182e-10
-7.670312585755836019e-11
-4.794658603516386152e-11
-2.954752862396839736e-11
-1.843611725386020557e-11
-1.171405059983369923e-11
-7.378590390141580877e-12
-4.627340402672873176e-12
-2.907879199060216062e-12
-1.832945687653265617e-12
-1.159390717442582458e-12
-7.651539073751137211e-13
-5.006739874517573624e-13
-3.243789243366026760e-13
-2.110382199647259469e-13
-1.377332289438386852e-13
-8.996995961516955695e-14
-3.899902770970830741e-09
-2.827459061397218096e-09
-2.093490095729155661e-09
-1.542082992126297539e-09
-1.119411355625427438e-09
-8.006680740621789073e-10
-5.633172575596880183e-10
-3.884483705810325642e-10
-2.621620439149352983e-10
-1.754886301799019641e-10
-1.154879079553727409e-10
-7.436000278068050270e-11
-4.674606987280852763e-11
-2.895804944641341865e-11
-1.814493513487546340e-11
-1.156694460964305248e-11
-7.306533461327032393e-12
-4.592833145836778298e-12
-2.891408649135055163e-12
-1.825033980532825549e-12
-1.155536288752386606e-12
-7.630883990060637524e-13
-4.995807126012242940e-13
-3.238100488855913596e-13
-2.107384350928696070e-13
-1.375733023921024796e-13
-8.988373884403002537e-14
-3.738492060555221470e-09
-2.686839180339785391e-09
-1.979807815608497113e-09
-1.454824669392065539e-09
-1.055602917526244139e-09
-7.560115933843084654e-10
-5.333316975175157781e-10
-3.691690752021414277e-10
-2.503159723062970670e-10
-1.684002771726337891e-10
-1.114072797299030279e-10
-7.212165513439010614e-11
-4.558513102662063811e-11
-2.838191814869744301e-11
-1.785818947800807740e-11
-1.142141123334994137e-11
-7.235043987876562378e-12
-4.558566223948679568e-12
-2.875069033203216403e-12
-1.817204856068402097e-12
-1.151735472609868194e-12
-7.610583203109211474e-13
-4.985100947019404081e-13
-3.232551238843592237e-13
-2.104470439868537443e-13
-1.374183240069509707e-13
-8.980037678918899715e-14
-3.614388645866867527e-09
-2.572106226512114862e-09
-1.883791562897621220e-09
-1.379322278106783520e-09
-9.993811664446209321e-10
-7.161197816997197324e-10
-5.062443851000187435e-10
-3.515740000987151036e-10
-2.393927907822788270e-10
-1.617982676581453118e-10
-1.075683114918549150e-10
-6.999480751584880162e-11
-4.447147187791318149e-11
-2.782474097316425499e-11
-1.757932221000317786e-11
-1.127942840019163127e-11
-7.165187908422574823e-12
-4.525086387533602993e-12
-2.859132780100701147e-12
-1.809591830042039044e-12
-1.148053376244713022e-12
-7.590982566932481136e-13
-4.974802065816708849e-13
-3.227233915181100987e-13
-2.101687935540427481e-13
-1.372707226002013624e-13
-8.972109843616520783e-14
-3.522911496026541406e-09
-2.480716702343589487e-09
-1.803896445318450608e-09
-1.314569156877958485e-09
-9.500661576260092859e-10
-6.805372517193426329e-10
-4.817692644597255513e-10
-3.355030011669107257e-10
-2.293168945518812496e-10
-1.556538110581291188e-10
-1.039646754705098316e-10
-6.798168224014064774e-11
-4.340906776167839605e-11
-2.728969187676360812e-11
-1.731034934472929488e-11
-1.114217183443913307e-11
-7.097603987947232736e-12
-4.492722501547596860e-12
-2.843763798953032656e-12
-1.802275023871212318e-12
-1.144528871962593122e-12
-7.572287374913669827e-13
-4.965016946643402491e-13
-3.222202419188021140e-13
-2.099064184116650438e-13
-1.371318759779542612e-13
-8.964658417915173609e-14
-3.459212003882552020e-09
-2.410068356361547917e-09
-1.738650028225831918e-09
-1.259699482396528415e-09
-9.071278112144371218e-10
-6.489292914453619384e-10
-4.596990786609534184e-10
-3.208375686798188959e-10
-2.200290513793747201e-10
-1.499415709830831582e-10
-1.005882768679071846e-10
-6.608152078986020536e-11
-4.239936866954411232e-11
-2.677827200771393207e-11
-1.705229624254097093e-11
-1.101025601779814160e-11
-7.032630415277362233e-12
-4.461649424211123089e-12
-2.829049053594736912e-12
-1.795296634758452750e-12
-1.141182191213264904e-12
-7.554603098917879245e-13
-4.955799366986713655e-13
-3.217483365036265369e-13
-2.096612306802912086e-13
-1.370024211456984026e-13
-8.957713210986504385e-14
-3.418412076127870512e-09
-2.357460140416060731e-09
-1.686548794457323031e-09
-1.213878875178635447e-09
-8.700975506104093187e-10
-6.210223794517712070e-10
-4.398713226955748097e-10
-3.074847068589818524e-10
-2.114807630280864885e-10
-1.446387828249144597e-10
-9.743008319467395470e-11
-6.429170688451373614e-11
-4.144218939524962937e-11
-2.629087723849196724e-11
-1.680552575384587140e-11
-1.088391716265955974e-11
-6.970401533606085177e-12
-4.431937056053228265e-12
-2.815022887242854575e-12
-1.788672874788109017e-12
-1.138020787635395574e-12
-7.537966826225025431e-13
-4.947167051542963388e-13
-3.213084727163840948e-13
-2.094335731655616121e-13
-1.368824920826189794e-13
-8.951278200689689678e-14
-3.395808262402362233e-09
-2.320147747923723932e-09
-1.646038123418716518e-09
-1.176256939599202917e-09
-8.385207552950055575e-10
-5.965688258990743707e-10
-4.221468629776651308e-10
-2.953664628809632981e-10
-2.036305249849738100e-10
-1.397246736845930146e-10
-9.448070992570225207e-11
-6.260855976215034112e-11
-4.053634418387006784e-11
-2.582720695471260428e-11
-1.656997664156750609e-11
-1.076314702909369598e-11
-6.910918964211521109e-12
-4.403586548756776466e-12
-2.801685023413228787e-12
-1.782402815242737209e-12
-1.135043679450083949e-12
-7.522370521977263418e-13
-4.939113964296116687e-13
-3.209002219225989357e-13
-2.092231529521928306e-13
-1.367718943115606591e-13
-8.945340605637777371e-14
-3.387066990027621630e-09
-2.295438840215896092e-09
-1.615538155647724541e-09
-1.145957771275794401e-09
-8.119356376878083031e-10
-5.753274420756660125e-10
-4.063970556213964548e-10
-2.844132399981071130e-10
-1.964413260114499361e-10
-1.351800376021130469e-10
-9.173079530353588024e-11
-6.102786717675794836e-11
-3.968008203632949567e-11
-2.538654852171936561e-11
-1.634533120010136847e-11
-1.064778766469130532e-11
-6.854102234289137020e-12
-4.376556177877658253e-12
-2.789013455700742202e-12
-1.776474723652987974e-12
-1.132244558794300567e-12
-7.507777664266468439e-13
-4.931619082820208540e-13
-3.205223837181203403e-13
-2.090292783613382149e-13
-1.366702284965703417e-13
-8.939877281293062583e-14
-3.388370306634321915e-09
-2.280791598892882064e-09
-1.593489561747067647e-09
-1.122091544454544857e-09
-7.898684010437509620e-10
-5.570545887866562496e-10
-3.924964979985566437e-10
-2.745596407418488467e-10
-1.898789693546769138e-10
-1.309868971996414014e-10
-8.917121331763097989e-11
-5.954522543072833207e-11
-3.887137427481357078e-11
-2.496796896450686183e-11
-1.613112958727896013e-11
-1.053759651620539580e-11
-6.799823757829557064e-12
-4.350779277803559607e-12
-2.776973394170787515e-12
-1.770870459925634170e-12
-1.129613944385086217e-12
-7.494134731314174959e-13
-4.924652437561702319e-13
-3.201732973979703240e-13
-2.088510206896850414e-13
-1.365769743669960531e-13
-8.934859034567426127e-14
-3.396497026836278807e-09
-2.273895575976978070e-09
-1.578402292399904813e-09
-1.103775609270380558e-09
-7.718375980800718750e-10
-5.415016564246278074e-10
-3.803194233093585387e-10
-2.657419759311036177e-10
-1.839109320026078514e-10
-1.271282103894373485e-10
-8.679316508746297904e-11
-5.815623856697979913e-11
-3.810809433942291090e-11
-2.457043856905313771e-11
-1.592684478144756788e-11
-1.043228950880040673e-11
-6.747932111115575024e-12
-4.326176206626937159e-12
-2.765523232458750144e-12
-1.765568400488936245e-12
-1.127140606255901061e-12
-7.481378761873680557e-13
-4.918179059455400011e-13
-3.198510438763327968e-13
-2.086873180930288979e-13
-1.364915440317877691e-13
-8.930253326958564156e-14
-3.408841282426145037e-09
-2.272725358217388017e-09
-1.568897427304616421e-09
-1.090157668492238391e-09
-7.573629734177813070e-10
-5.284163407415931164e-10
-3.697384333286827766e-10
-2.578968944417642714e-10
-1.785056004871031453e-10
-1.235876152281560936e-10
-8.458818973131849334e-11
-5.685662067174195499e-11
-3.738812195814255546e-11
-2.419290590830901291e-11
-1.573192903231950620e-11
-1.033156797138306171e-11
-6.698266616201703475e-12
-4.302661820865416073e-12
-2.754618245902795933e-12
-1.760545227543404765e-12
-1.124812422409581440e-12
-7.469441820433882210e-13
-4.912161261104442167e-13
-3.195535593067872065e-13
-2.085370322873545549e-13
-1.364133100298040674e-13
-8.926025630706339517e-14
-3.423379394579702618e-09
-2.275564927057205490e-09
-1.563736943631977019e-09
-1.080436337700241519e-09
-7.459755630479570851e-10
-5.175458529792564712e-10
-3.606246388338221941e-10
-2.509607426474985339e-10
-1.736317640061163895e-10
-1.203492033302684956e-10
-8.254811993726759398e-11
-5.564222959933231243e-11
-3.670939258154721616e-11
-2.383433690963032369e-11
-1.554583873262482971e-11
-1.023513306841195312e-11
-6.650665044932952832e-12
-4.280149307811934188e-12
-2.744212402005929796e-12
-1.755776749669940959e-12
-1.122616738010778224e-12
-7.458252694222318304e-13
-4.906559393949327809e-13
-3.192786660045129953e-13
-2.083989600093271238e-13
-1.363416085742209314e-13
-8.922139429080324703e-14
-3.438598866308633960e-09
-2.281004840116544717e-09
-1.561839385822299736e-09
-1.073876386637864703e-09
-7.372269772575142523e-10
-5.086408438985777405e-10
-3.528486221056673289e-10
-2.448694360541529952e-10
-1.692583231650828003e-10
-1.173973422528543341e-10
-8.066501568382350678e-11
-5.450906011834530011e-11
-3.606991029538407481e-11
-2.349372797101384767e-11
-1.536804269896328618e-11
-1.014269008485288060e-11
-6.604965420709882341e-12
-4.258550719400488366e-12
-2.734258372893850713e-12
-1.751237756595969336e-12
-1.120540207902729389e-12
-7.447735626599599918e-13
-4.901330924812122975e-13
-3.190240094997277493e-13
-2.082717918094015225e-13
-1.362757132800805928e-13
-8.918554572366321467e-14
-3.453403609496437920e-09
-2.287917087902187825e-09
-1.562281876834918296e-09
-1.069817685473530150e-09
-7.306968912856996172e-10
-5.014595057039845824e-10
-3.462820691045073338e-10
-2.395589010213659750e-10
-1.653543449079673653e-10
-1.147166741839150773e-10
-7.893117464033591669e-11
-5.345326311503255375e-11
-3.546776467155329772e-11
-2.317011562942148124e-11
-1.519802589719691520e-11
-1.005394894096529282e-11
-6.561005157736823588e-12
-4.237775815277929122e-12
-2.724706555032105230e-12
-1.746901323977382535e-12
-1.118568345648441506e-12
-7.437807399488261062e-13
-4.896428603635913548e-13
-3.187869470096591899e-13
-2.081540453319224263e-13
-1.362147960061001057e-13
-8.915225026038190909e-14
-3.467043249783282252e-09
-2.295435096017105266e-09
-1.564303917726262222e-09
-1.067686659055516565e-09
-7.260041360959053204e-10
-4.957755943115769088e-10
-3.408029108930264009e-10
-2.349682846012033305e-10
-1.618911238230791973e-10
-1.122935009493690169e-10
-7.734006388957972407e-11
-5.247175351585575508e-11
-3.490150802494063450e-11
-2.286279889220443913e-11
-1.503541762837134989e-11
-9.968697766887331682e-12
-6.518661924145189934e-12
-4.217754273126028300e-12
-2.715517109342286958e-12
-1.742745390454893705e-12
-1.116689163188049159e-12
-7.428398952193224090e-13
-4.891813204316550507e-13
-3.185652908041007911e-13
-2.080445039284001943e-13
-1.361581882143592013e-13
-8.912114565917091529e-14
