1.000000000000000048e-04
1.183574960502713940e-04
1.400849687129001068e-04
1.658010613113946620e-04
1.962379845929419927e-04
2.322623648637235237e-04
2.748999193198484897e-04
3.253646611511886171e-04
3.850934659709973908e-04
4.557869837764760433e-04
5.394580613208942556e-04
6.384890536207474959e-04
7.556996564205914696e-04
8.944271909999160176e-04
1.058621627260279132e-03
1.252958050671903719e-03
1.482969775335555955e-03
1.755205893269499084e-03
2.077417745800578218e-03
2.458779626433556416e-03
2.910149999240974582e-03
3.444380670408609627e-03
4.076682715935177337e-03
4.825059584495079539e-03
5.710819707141999262e-03
6.759183209318719680e-03
8.000000000000003636e-03
