N_TRX 61

TRX_LOOP
-300.0 0.0 30.0 10.0 0 0

N_RECV 1
N_TIME 20
-300.0 0.0 30.0 2e-05
-300.0 0.0 30.0 2.54854997140627e-05
-300.0 0.0 30.0 3.2475534783774423e-05
-300.0 0.0 30.0 4.138276162229581e-05
-300.0 0.0 30.0 5.273301797460712e-05
-300.0 0.0 30.0 6.719636572567563e-05
-300.0 0.0 30.0 8.562664797438793e-05
-300.0 0.0 30.0 0.00010911189562337041
-300.0 0.0 30.0 0.0001390385592355121
-300.0 0.0 30.0 0.0001771733580820165
-300.0 0.0 30.0 0.0002257675783369377
-300.0 0.0 30.0 0.0002876899776575326
-300.0 0.0 30.0 0.0003665961421664872
-300.0 0.0 30.0 0.00046714429381802434
-300.0 0.0 30.0 0.000595270288326264
-300.0 0.0 30.0 0.0007585380381464501
-300.0 0.0 30.0 0.0009665860477143506
-300.0 0.0 30.0 0.0012316964221320524
-300.0 0.0 30.0 0.0015695199407029215
-300.0 0.0 30.0 0.0020000000000000005

TRX_LOOP
-290.0 0.0 30.0 10.0 0 0

N_RECV 1
N_TIME 20
-290.0 0.0 30.0 2e-05
-290.0 0.0 30.0 2.54854997140627e-05
-290.0 0.0 30.0 3.2475534783774423e-05
-290.0 0.0 30.0 4.138276162229581e-05
-290.0 0.0 30.0 5.273301797460712e-05
-290.0 0.0 30.0 6.719636572567563e-05
-290.0 0.0 30.0 8.562664797438793e-05
-290.0 0.0 30.0 0.00010911189562337041
-290.0 0.0 30.0 0.0001390385592355121
-290.0 0.0 30.0 0.0001771733580820165
-290.0 0.0 30.0 0.0002257675783369377
-290.0 0.0 30.0 0.0002876899776575326
-290.0 0.0 30.0 0.0003665961421664872
-290.0 0.0 30.0 0.00046714429381802434
-290.0 0.0 30.0 0.000595270288326264
-290.0 0.0 30.0 0.0007585380381464501
-290.0 0.0 30.0 0.0009665860477143506
-290.0 0.0 30.0 0.0012316964221320524
-290.0 0.0 30.0 0.0015695199407029215
-290.0 0.0 30.0 0.0020000000000000005

TRX_LOOP
-280.0 0.0 30.0 10.0 0 0

N_RECV 1
N_TIME 20
-280.0 0.0 30.0 2e-05
-280.0 0.0 30.0 2.54854997140627e-05
-280.0 0.0 30.0 3.2475534783774423e-05
-280.0 0.0 30.0 4.138276162229581e-05
-280.0 0.0 30.0 5.273301797460712e-05
-280.0 0.0 30.0 6.719636572567563e-05
-280.0 0.0 30.0 8.562664797438793e-05
-280.0 0.0 30.0 0.00010911189562337041
-280.0 0.0 30.0 0.0001390385592355121
-280.0 0.0 30.0 0.0001771733580820165
-280.0 0.0 30.0 0.0002257675783369377
-280.0 0.0 30.0 0.0002876899776575326
-280.0 0.0 30.0 0.0003665961421664872
-280.0 0.0 30.0 0.00046714429381802434
-280.0 0.0 30.0 0.000595270288326264
-280.0 0.0 30.0 0.0007585380381464501
-280.0 0.0 30.0 0.0009665860477143506
-280.0 0.0 30.0 0.0012316964221320524
-280.0 0.0 30.0 0.0015695199407029215
-280.0 0.0 30.0 0.0020000000000000005

TRX_LOOP
-270.0 0.0 30.0 10.0 0 0

N_RECV 1
N_TIME 20
-270.0 0.0 30.0 2e-05
-270.0 0.0 30.0 2.54854997140627e-05
-270.0 0.0 30.0 3.2475534783774423e-05
-270.0 0.0 30.0 4.138276162229581e-05
-270.0 0.0 30.0 5.273301797460712e-05
-270.0 0.0 30.0 6.719636572567563e-05
-270.0 0.0 30.0 8.562664797438793e-05
-270.0 0.0 30.0 0.00010911189562337041
-270.0 0.0 30.0 0.0001390385592355121
-270.0 0.0 30.0 0.0001771733580820165
-270.0 0.0 30.0 0.0002257675783369377
-270.0 0.0 30.0 0.0002876899776575326
-270.0 0.0 30.0 0.0003665961421664872
-270.0 0.0 30.0 0.00046714429381802434
-270.0 0.0 30.0 0.000595270288326264
-270.0 0.0 30.0 0.0007585380381464501
-270.0 0.0 30.0 0.0009665860477143506
-270.0 0.0 30.0 0.0012316964221320524
-270.0 0.0 30.0 0.0015695199407029215
-270.0 0.0 30.0 0.0020000000000000005

TRX_LOOP
-260.0 0.0 30.0 10.0 0 0

N_RECV 1
N_TIME 20
-260.0 0.0 30.0 2e-05
-260.0 0.0 30.0 2.54854997140627e-05
-260.0 0.0 30.0 3.2475534783774423e-05
-260.0 0.0 30.0 4.138276162229581e-05
-260.0 0.0 30.0 5.273301797460712e-05
-260.0 0.0 30.0 6.719636572567563e-05
-260.0 0.0 30.0 8.562664797438793e-05
-260.0 0.0 30.0 0.00010911189562337041
-260.0 0.0 30.0 0.0001390385592355121
-260.0 0.0 30.0 0.0001771733580820165
-260.0 0.0 30.0 0.0002257675783369377
-260.0 0.0 30.0 0.0002876899776575326
-260.0 0.0 30.0 0.0003665961421664872
-260.0 0.0 30.0 0.00046714429381802434
-260.0 0.0 30.0 0.000595270288326264
-260.0 0.0 30.0 0.0007585380381464501
-260.0 0.0 30.0 0.0009665860477143506
-260.0 0.0 30.0 0.0012316964221320524
-260.0 0.0 30.0 0.0015695199407029215
-260.0 0.0 30.0 0.0020000000000000005

TRX_LOOP
-250.0 0.0 30.0 10.0 0 0

N_RECV 1
N_TIME 20
-250.0 0.0 30.0 2e-05
-250.0 0.0 30.0 2.54854997140627e-05
-250.0 0.0 30.0 3.2475534783774423e-05
-250.0 0.0 30.0 4.138276162229581e-05
-250.0 0.0 30.0 5.273301797460712e-05
-250.0 0.0 30.0 6.719636572567563e-05
-250.0 0.0 30.0 8.562664797438793e-05
-250.0 0.0 30.0 0.00010911189562337041
-250.0 0.0 30.0 0.0001390385592355121
-250.0 0.0 30.0 0.0001771733580820165
-250.0 0.0 30.0 0.0002257675783369377
-250.0 0.0 30.0 0.0002876899776575326
-250.0 0.0 30.0 0.0003665961421664872
-250.0 0.0 30.0 0.00046714429381802434
-250.0 0.0 30.0 0.000595270288326264
-250.0 0.0 30.0 0.0007585380381464501
-250.0 0.0 30.0 0.0009665860477143506
-250.0 0.0 30.0 0.0012316964221320524
-250.0 0.0 30.0 0.0015695199407029215
-250.0 0.0 30.0 0.0020000000000000005

TRX_LOOP
-240.0 0.0 30.0 10.0 0 0

N_RECV 1
N_TIME 20
-240.0 0.0 30.0 2e-05
-240.0 0.0 30.0 2.54854997140627e-05
-240.0 0.0 30.0 3.2475534783774423e-05
-240.0 0.0 30.0 4.138276162229581e-05
-240.0 0.0 30.0 5.273301797460712e-05
-240.0 0.0 30.0 6.719636572567563e-05
-240.0 0.0 30.0 8.562664797438793e-05
-240.0 0.0 30.0 0.00010911189562337041
-240.0 0.0 30.0 0.0001390385592355121
-240.0 0.0 30.0 0.0001771733580820165
-240.0 0.0 30.0 0.0002257675783369377
-240.0 0.0 30.0 0.0002876899776575326
-240.0 0.0 30.0 0.0003665961421664872
-240.0 0.0 30.0 0.00046714429381802434
-240.0 0.0 30.0 0.000595270288326264
-240.0 0.0 30.0 0.0007585380381464501
-240.0 0.0 30.0 0.0009665860477143506
-240.0 0.0 30.0 0.0012316964221320524
-240.0 0.0 30.0 0.0015695199407029215
-240.0 0.0 30.0 0.0020000000000000005

TRX_LOOP
-230.0 0.0 30.0 10.0 0 0

N_RECV 1
N_TIME 20
-230.0 0.0 30.0 2e-05
-230.0 0.0 30.0 2.54854997140627e-05
-230.0 0.0 30.0 3.2475534783774423e-05
-230.0 0.0 30.0 4.138276162229581e-05
-230.0 0.0 30.0 5.273301797460712e-05
-230.0 0.0 30.0 6.719636572567563e-05
-230.0 0.0 30.0 8.562664797438793e-05
-230.0 0.0 30.0 0.00010911189562337041
-230.0 0.0 30.0 0.0001390385592355121
-230.0 0.0 30.0 0.0001771733580820165
-230.0 0.0 30.0 0.0002257675783369377
-230.0 0.0 30.0 0.0002876899776575326
-230.0 0.0 30.0 0.0003665961421664872
-230.0 0.0 30.0 0.00046714429381802434
-230.0 0.0 30.0 0.000595270288326264
-230.0 0.0 30.0 0.0007585380381464501
-230.0 0.0 30.0 0.0009665860477143506
-230.0 0.0 30.0 0.0012316964221320524
-230.0 0.0 30.0 0.0015695199407029215
-230.0 0.0 30.0 0.0020000000000000005

TRX_LOOP
-220.0 0.0 30.0 10.0 0 0

N_RECV 1
N_TIME 20
-220.0 0.0 30.0 2e-05
-220.0 0.0 30.0 2.54854997140627e-05
-220.0 0.0 30.0 3.2475534783774423e-05
-220.0 0.0 30.0 4.138276162229581e-05
-220.0 0.0 30.0 5.273301797460712e-05
-220.0 0.0 30.0 6.719636572567563e-05
-220.0 0.0 30.0 8.562664797438793e-05
-220.0 0.0 30.0 0.00010911189562337041
-220.0 0.0 30.0 0.0001390385592355121
-220.0 0.0 30.0 0.0001771733580820165
-220.0 0.0 30.0 0.0002257675783369377
-220.0 0.0 30.0 0.0002876899776575326
-220.0 0.0 30.0 0.0003665961421664872
-220.0 0.0 30.0 0.00046714429381802434
-220.0 0.0 30.0 0.000595270288326264
-220.0 0.0 30.0 0.0007585380381464501
-220.0 0.0 30.0 0.0009665860477143506
-220.0 0.0 30.0 0.0012316964221320524
-220.0 0.0 30.0 0.0015695199407029215
-220.0 0.0 30.0 0.0020000000000000005

TRX_LOOP
-210.0 0.0 30.0 10.0 0 0

N_RECV 1
N_TIME 20
-210.0 0.0 30.0 2e-05
-210.0 0.0 30.0 2.54854997140627e-05
-210.0 0.0 30.0 3.2475534783774423e-05
-210.0 0.0 30.0 4.138276162229581e-05
-210.0 0.0 30.0 5.273301797460712e-05
-210.0 0.0 30.0 6.719636572567563e-05
-210.0 0.0 30.0 8.562664797438793e-05
-210.0 0.0 30.0 0.00010911189562337041
-210.0 0.0 30.0 0.0001390385592355121
-210.0 0.0 30.0 0.0001771733580820165
-210.0 0.0 30.0 0.0002257675783369377
-210.0 0.0 30.0 0.0002876899776575326
-210.0 0.0 30.0 0.0003665961421664872
-210.0 0.0 30.0 0.00046714429381802434
-210.0 0.0 30.0 0.000595270288326264
-210.0 0.0 30.0 0.0007585380381464501
-210.0 0.0 30.0 0.0009665860477143506
-210.0 0.0 30.0 0.0012316964221320524
-210.0 0.0 30.0 0.0015695199407029215
-210.0 0.0 30.0 0.0020000000000000005

TRX_LOOP
-200.0 0.0 30.0 10.0 0 0

N_RECV 1
N_TIME 20
-200.0 0.0 30.0 2e-05
-200.0 0.0 30.0 2.54854997140627e-05
-200.0 0.0 30.0 3.2475534783774423e-05
-200.0 0.0 30.0 4.138276162229581e-05
-200.0 0.0 30.0 5.273301797460712e-05
-200.0 0.0 30.0 6.719636572567563e-05
-200.0 0.0 30.0 8.562664797438793e-05
-200.0 0.0 30.0 0.00010911189562337041
-200.0 0.0 30.0 0.0001390385592355121
-200.0 0.0 30.0 0.0001771733580820165
-200.0 0.0 30.0 0.0002257675783369377
-200.0 0.0 30.0 0.0002876899776575326
-200.0 0.0 30.0 0.0003665961421664872
-200.0 0.0 30.0 0.00046714429381802434
-200.0 0.0 30.0 0.000595270288326264
-200.0 0.0 30.0 0.0007585380381464501
-200.0 0.0 30.0 0.0009665860477143506
-200.0 0.0 30.0 0.0012316964221320524
-200.0 0.0 30.0 0.0015695199407029215
-200.0 0.0 30.0 0.0020000000000000005

TRX_LOOP
-190.0 0.0 30.0 10.0 0 0

N_RECV 1
N_TIME 20
-190.0 0.0 30.0 2e-05
-190.0 0.0 30.0 2.54854997140627e-05
-190.0 0.0 30.0 3.2475534783774423e-05
-190.0 0.0 30.0 4.138276162229581e-05
-190.0 0.0 30.0 5.273301797460712e-05
-190.0 0.0 30.0 6.719636572567563e-05
-190.0 0.0 30.0 8.562664797438793e-05
-190.0 0.0 30.0 0.00010911189562337041
-190.0 0.0 30.0 0.0001390385592355121
-190.0 0.0 30.0 0.0001771733580820165
-190.0 0.0 30.0 0.0002257675783369377
-190.0 0.0 30.0 0.0002876899776575326
-190.0 0.0 30.0 0.0003665961421664872
-190.0 0.0 30.0 0.00046714429381802434
-190.0 0.0 30.0 0.000595270288326264
-190.0 0.0 30.0 0.0007585380381464501
-190.0 0.0 30.0 0.0009665860477143506
-190.0 0.0 30.0 0.0012316964221320524
-190.0 0.0 30.0 0.0015695199407029215
-190.0 0.0 30.0 0.0020000000000000005

TRX_LOOP
-180.0 0.0 30.0 10.0 0 0

N_RECV 1
N_TIME 20
-180.0 0.0 30.0 2e-05
-180.0 0.0 30.0 2.54854997140627e-05
-180.0 0.0 30.0 3.2475534783774423e-05
-180.0 0.0 30.0 4.138276162229581e-05
-180.0 0.0 30.0 5.273301797460712e-05
-180.0 0.0 30.0 6.719636572567563e-05
-180.0 0.0 30.0 8.562664797438793e-05
-180.0 0.0 30.0 0.00010911189562337041
-180.0 0.0 30.0 0.0001390385592355121
-180.0 0.0 30.0 0.0001771733580820165
-180.0 0.0 30.0 0.0002257675783369377
-180.0 0.0 30.0 0.0002876899776575326
-180.0 0.0 30.0 0.0003665961421664872
-180.0 0.0 30.0 0.00046714429381802434
-180.0 0.0 30.0 0.000595270288326264
-180.0 0.0 30.0 0.0007585380381464501
-180.0 0.0 30.0 0.0009665860477143506
-180.0 0.0 30.0 0.0012316964221320524
-180.0 0.0 30.0 0.0015695199407029215
-180.0 0.0 30.0 0.0020000000000000005

TRX_LOOP
-170.0 0.0 30.0 10.0 0 0

N_RECV 1
N_TIME 20
-170.0 0.0 30.0 2e-05
-170.0 0.0 30.0 2.54854997140627e-05
-170.0 0.0 30.0 3.2475534783774423e-05
-170.0 0.0 30.0 4.138276162229581e-05
-170.0 0.0 30.0 5.273301797460712e-05
-170.0 0.0 30.0 6.719636572567563e-05
-170.0 0.0 30.0 8.562664797438793e-05
-170.0 0.0 30.0 0.00010911189562337041
-170.0 0.0 30.0 0.0001390385592355121
-170.0 0.0 30.0 0.0001771733580820165
-170.0 0.0 30.0 0.0002257675783369377
-170.0 0.0 30.0 0.0002876899776575326
-170.0 0.0 30.0 0.0003665961421664872
-170.0 0.0 30.0 0.00046714429381802434
-170.0 0.0 30.0 0.000595270288326264
-170.0 0.0 30.0 0.0007585380381464501
-170.0 0.0 30.0 0.0009665860477143506
-170.0 0.0 30.0 0.0012316964221320524
-170.0 0.0 30.0 0.0015695199407029215
-170.0 0.0 30.0 0.0020000000000000005

TRX_LOOP
-160.0 0.0 30.0 10.0 0 0

N_RECV 1
N_TIME 20
-160.0 0.0 30.0 2e-05
-160.0 0.0 30.0 2.54854997140627e-05
-160.0 0.0 30.0 3.2475534783774423e-05
-160.0 0.0 30.0 4.138276162229581e-05
-160.0 0.0 30.0 5.273301797460712e-05
-160.0 0.0 30.0 6.719636572567563e-05
-160.0 0.0 30.0 8.562664797438793e-05
-160.0 0.0 30.0 0.00010911189562337041
-160.0 0.0 30.0 0.0001390385592355121
-160.0 0.0 30.0 0.0001771733580820165
-160.0 0.0 30.0 0.0002257675783369377
-160.0 0.0 30.0 0.0002876899776575326
-160.0 0.0 30.0 0.0003665961421664872
-160.0 0.0 30.0 0.00046714429381802434
-160.0 0.0 30.0 0.000595270288326264
-160.0 0.0 30.0 0.0007585380381464501
-160.0 0.0 30.0 0.0009665860477143506
-160.0 0.0 30.0 0.0012316964221320524
-160.0 0.0 30.0 0.0015695199407029215
-160.0 0.0 30.0 0.0020000000000000005

TRX_LOOP
-150.0 0.0 30.0 10.0 0 0

N_RECV 1
N_TIME 20
-150.0 0.0 30.0 2e-05
-150.0 0.0 30.0 2.54854997140627e-05
-150.0 0.0 30.0 3.2475534783774423e-05
-150.0 0.0 30.0 4.138276162229581e-05
-150.0 0.0 30.0 5.273301797460712e-05
-150.0 0.0 30.0 6.719636572567563e-05
-150.0 0.0 30.0 8.562664797438793e-05
-150.0 0.0 30.0 0.00010911189562337041
-150.0 0.0 30.0 0.0001390385592355121
-150.0 0.0 30.0 0.0001771733580820165
-150.0 0.0 30.0 0.0002257675783369377
-150.0 0.0 30.0 0.0002876899776575326
-150.0 0.0 30.0 0.0003665961421664872
-150.0 0.0 30.0 0.00046714429381802434
-150.0 0.0 30.0 0.000595270288326264
-150.0 0.0 30.0 0.0007585380381464501
-150.0 0.0 30.0 0.0009665860477143506
-150.0 0.0 30.0 0.0012316964221320524
-150.0 0.0 30.0 0.0015695199407029215
-150.0 0.0 30.0 0.0020000000000000005

TRX_LOOP
-140.0 0.0 30.0 10.0 0 0

N_RECV 1
N_TIME 20
-140.0 0.0 30.0 2e-05
-140.0 0.0 30.0 2.54854997140627e-05
-140.0 0.0 30.0 3.2475534783774423e-05
-140.0 0.0 30.0 4.138276162229581e-05
-140.0 0.0 30.0 5.273301797460712e-05
-140.0 0.0 30.0 6.719636572567563e-05
-140.0 0.0 30.0 8.562664797438793e-05
-140.0 0.0 30.0 0.00010911189562337041
-140.0 0.0 30.0 0.0001390385592355121
-140.0 0.0 30.0 0.0001771733580820165
-140.0 0.0 30.0 0.0002257675783369377
-140.0 0.0 30.0 0.0002876899776575326
-140.0 0.0 30.0 0.0003665961421664872
-140.0 0.0 30.0 0.00046714429381802434
-140.0 0.0 30.0 0.000595270288326264
-140.0 0.0 30.0 0.0007585380381464501
-140.0 0.0 30.0 0.0009665860477143506
-140.0 0.0 30.0 0.0012316964221320524
-140.0 0.0 30.0 0.0015695199407029215
-140.0 0.0 30.0 0.0020000000000000005

TRX_LOOP
-130.0 0.0 30.0 10.0 0 0

N_RECV 1
N_TIME 20
-130.0 0.0 30.0 2e-05
-130.0 0.0 30.0 2.54854997140627e-05
-130.0 0.0 30.0 3.2475534783774423e-05
-130.0 0.0 30.0 4.138276162229581e-05
-130.0 0.0 30.0 5.273301797460712e-05
-130.0 0.0 30.0 6.719636572567563e-05
-130.0 0.0 30.0 8.562664797438793e-05
-130.0 0.0 30.0 0.00010911189562337041
-130.0 0.0 30.0 0.0001390385592355121
-130.0 0.0 30.0 0.0001771733580820165
-130.0 0.0 30.0 0.0002257675783369377
-130.0 0.0 30.0 0.0002876899776575326
-130.0 0.0 30.0 0.0003665961421664872
-130.0 0.0 30.0 0.00046714429381802434
-130.0 0.0 30.0 0.000595270288326264
-130.0 0.0 30.0 0.0007585380381464501
-130.0 0.0 30.0 0.0009665860477143506
-130.0 0.0 30.0 0.0012316964221320524
-130.0 0.0 30.0 0.0015695199407029215
-130.0 0.0 30.0 0.0020000000000000005

TRX_LOOP
-120.0 0.0 30.0 10.0 0 0

N_RECV 1
N_TIME 20
-120.0 0.0 30.0 2e-05
-120.0 0.0 30.0 2.54854997140627e-05
-120.0 0.0 30.0 3.2475534783774423e-05
-120.0 0.0 30.0 4.138276162229581e-05
-120.0 0.0 30.0 5.273301797460712e-05
-120.0 0.0 30.0 6.719636572567563e-05
-120.0 0.0 30.0 8.562664797438793e-05
-120.0 0.0 30.0 0.00010911189562337041
-120.0 0.0 30.0 0.0001390385592355121
-120.0 0.0 30.0 0.0001771733580820165
-120.0 0.0 30.0 0.0002257675783369377
-120.0 0.0 30.0 0.0002876899776575326
-120.0 0.0 30.0 0.0003665961421664872
-120.0 0.0 30.0 0.00046714429381802434
-120.0 0.0 30.0 0.000595270288326264
-120.0 0.0 30.0 0.0007585380381464501
-120.0 0.0 30.0 0.0009665860477143506
-120.0 0.0 30.0 0.0012316964221320524
-120.0 0.0 30.0 0.0015695199407029215
-120.0 0.0 30.0 0.0020000000000000005

TRX_LOOP
-110.0 0.0 30.0 10.0 0 0

N_RECV 1
N_TIME 20
-110.0 0.0 30.0 2e-05
-110.0 0.0 30.0 2.54854997140627e-05
-110.0 0.0 30.0 3.2475534783774423e-05
-110.0 0.0 30.0 4.138276162229581e-05
-110.0 0.0 30.0 5.273301797460712e-05
-110.0 0.0 30.0 6.719636572567563e-05
-110.0 0.0 30.0 8.562664797438793e-05
-110.0 0.0 30.0 0.00010911189562337041
-110.0 0.0 30.0 0.0001390385592355121
-110.0 0.0 30.0 0.0001771733580820165
-110.0 0.0 30.0 0.0002257675783369377
-110.0 0.0 30.0 0.0002876899776575326
-110.0 0.0 30.0 0.0003665961421664872
-110.0 0.0 30.0 0.00046714429381802434
-110.0 0.0 30.0 0.000595270288326264
-110.0 0.0 30.0 0.0007585380381464501
-110.0 0.0 30.0 0.0009665860477143506
-110.0 0.0 30.0 0.0012316964221320524
-110.0 0.0 30.0 0.0015695199407029215
-110.0 0.0 30.0 0.0020000000000000005

TRX_LOOP
-100.0 0.0 30.0 10.0 0 0

N_RECV 1
N_TIME 20
-100.0 0.0 30.0 2e-05
-100.0 0.0 30.0 2.54854997140627e-05
-100.0 0.0 30.0 3.2475534783774423e-05
-100.0 0.0 30.0 4.138276162229581e-05
-100.0 0.0 30.0 5.273301797460712e-05
-100.0 0.0 30.0 6.719636572567563e-05
-100.0 0.0 30.0 8.562664797438793e-05
-100.0 0.0 30.0 0.00010911189562337041
-100.0 0.0 30.0 0.0001390385592355121
-100.0 0.0 30.0 0.0001771733580820165
-100.0 0.0 30.0 0.0002257675783369377
-100.0 0.0 30.0 0.0002876899776575326
-100.0 0.0 30.0 0.0003665961421664872
-100.0 0.0 30.0 0.00046714429381802434
-100.0 0.0 30.0 0.000595270288326264
-100.0 0.0 30.0 0.0007585380381464501
-100.0 0.0 30.0 0.0009665860477143506
-100.0 0.0 30.0 0.0012316964221320524
-100.0 0.0 30.0 0.0015695199407029215
-100.0 0.0 30.0 0.0020000000000000005

TRX_LOOP
-90.0 0.0 30.0 10.0 0 0

N_RECV 1
N_TIME 20
-90.0 0.0 30.0 2e-05
-90.0 0.0 30.0 2.54854997140627e-05
-90.0 0.0 30.0 3.2475534783774423e-05
-90.0 0.0 30.0 4.138276162229581e-05
-90.0 0.0 30.0 5.273301797460712e-05
-90.0 0.0 30.0 6.719636572567563e-05
-90.0 0.0 30.0 8.562664797438793e-05
-90.0 0.0 30.0 0.00010911189562337041
-90.0 0.0 30.0 0.0001390385592355121
-90.0 0.0 30.0 0.0001771733580820165
-90.0 0.0 30.0 0.0002257675783369377
-90.0 0.0 30.0 0.0002876899776575326
-90.0 0.0 30.0 0.0003665961421664872
-90.0 0.0 30.0 0.00046714429381802434
-90.0 0.0 30.0 0.000595270288326264
-90.0 0.0 30.0 0.0007585380381464501
-90.0 0.0 30.0 0.0009665860477143506
-90.0 0.0 30.0 0.0012316964221320524
-90.0 0.0 30.0 0.0015695199407029215
-90.0 0.0 30.0 0.0020000000000000005

TRX_LOOP
-80.0 0.0 30.0 10.0 0 0

N_RECV 1
N_TIME 20
-80.0 0.0 30.0 2e-05
-80.0 0.0 30.0 2.54854997140627e-05
-80.0 0.0 30.0 3.2475534783774423e-05
-80.0 0.0 30.0 4.138276162229581e-05
-80.0 0.0 30.0 5.273301797460712e-05
-80.0 0.0 30.0 6.719636572567563e-05
-80.0 0.0 30.0 8.562664797438793e-05
-80.0 0.0 30.0 0.00010911189562337041
-80.0 0.0 30.0 0.0001390385592355121
-80.0 0.0 30.0 0.0001771733580820165
-80.0 0.0 30.0 0.0002257675783369377
-80.0 0.0 30.0 0.0002876899776575326
-80.0 0.0 30.0 0.0003665961421664872
-80.0 0.0 30.0 0.00046714429381802434
-80.0 0.0 30.0 0.000595270288326264
-80.0 0.0 30.0 0.0007585380381464501
-80.0 0.0 30.0 0.0009665860477143506
-80.0 0.0 30.0 0.0012316964221320524
-80.0 0.0 30.0 0.0015695199407029215
-80.0 0.0 30.0 0.0020000000000000005

TRX_LOOP
-70.0 0.0 30.0 10.0 0 0

N_RECV 1
N_TIME 20
-70.0 0.0 30.0 2e-05
-70.0 0.0 30.0 2.54854997140627e-05
-70.0 0.0 30.0 3.2475534783774423e-05
-70.0 0.0 30.0 4.138276162229581e-05
-70.0 0.0 30.0 5.273301797460712e-05
-70.0 0.0 30.0 6.719636572567563e-05
-70.0 0.0 30.0 8.562664797438793e-05
-70.0 0.0 30.0 0.00010911189562337041
-70.0 0.0 30.0 0.0001390385592355121
-70.0 0.0 30.0 0.0001771733580820165
-70.0 0.0 30.0 0.0002257675783369377
-70.0 0.0 30.0 0.0002876899776575326
-70.0 0.0 30.0 0.0003665961421664872
-70.0 0.0 30.0 0.00046714429381802434
-70.0 0.0 30.0 0.000595270288326264
-70.0 0.0 30.0 0.0007585380381464501
-70.0 0.0 30.0 0.0009665860477143506
-70.0 0.0 30.0 0.0012316964221320524
-70.0 0.0 30.0 0.0015695199407029215
-70.0 0.0 30.0 0.0020000000000000005

TRX_LOOP
-60.0 0.0 30.0 10.0 0 0

N_RECV 1
N_TIME 20
-60.0 0.0 30.0 2e-05
-60.0 0.0 30.0 2.54854997140627e-05
-60.0 0.0 30.0 3.2475534783774423e-05
-60.0 0.0 30.0 4.138276162229581e-05
-60.0 0.0 30.0 5.273301797460712e-05
-60.0 0.0 30.0 6.719636572567563e-05
-60.0 0.0 30.0 8.562664797438793e-05
-60.0 0.0 30.0 0.00010911189562337041
-60.0 0.0 30.0 0.0001390385592355121
-60.0 0.0 30.0 0.0001771733580820165
-60.0 0.0 30.0 0.0002257675783369377
-60.0 0.0 30.0 0.0002876899776575326
-60.0 0.0 30.0 0.0003665961421664872
-60.0 0.0 30.0 0.00046714429381802434
-60.0 0.0 30.0 0.000595270288326264
-60.0 0.0 30.0 0.0007585380381464501
-60.0 0.0 30.0 0.0009665860477143506
-60.0 0.0 30.0 0.0012316964221320524
-60.0 0.0 30.0 0.0015695199407029215
-60.0 0.0 30.0 0.0020000000000000005

TRX_LOOP
-50.0 0.0 30.0 10.0 0 0

N_RECV 1
N_TIME 20
-50.0 0.0 30.0 2e-05
-50.0 0.0 30.0 2.54854997140627e-05
-50.0 0.0 30.0 3.2475534783774423e-05
-50.0 0.0 30.0 4.138276162229581e-05
-50.0 0.0 30.0 5.273301797460712e-05
-50.0 0.0 30.0 6.719636572567563e-05
-50.0 0.0 30.0 8.562664797438793e-05
-50.0 0.0 30.0 0.00010911189562337041
-50.0 0.0 30.0 0.0001390385592355121
-50.0 0.0 30.0 0.0001771733580820165
-50.0 0.0 30.0 0.0002257675783369377
-50.0 0.0 30.0 0.0002876899776575326
-50.0 0.0 30.0 0.0003665961421664872
-50.0 0.0 30.0 0.00046714429381802434
-50.0 0.0 30.0 0.000595270288326264
-50.0 0.0 30.0 0.0007585380381464501
-50.0 0.0 30.0 0.0009665860477143506
-50.0 0.0 30.0 0.0012316964221320524
-50.0 0.0 30.0 0.0015695199407029215
-50.0 0.0 30.0 0.0020000000000000005

TRX_LOOP
-40.0 0.0 30.0 10.0 0 0

N_RECV 1
N_TIME 20
-40.0 0.0 30.0 2e-05
-40.0 0.0 30.0 2.54854997140627e-05
-40.0 0.0 30.0 3.2475534783774423e-05
-40.0 0.0 30.0 4.138276162229581e-05
-40.0 0.0 30.0 5.273301797460712e-05
-40.0 0.0 30.0 6.719636572567563e-05
-40.0 0.0 30.0 8.562664797438793e-05
-40.0 0.0 30.0 0.00010911189562337041
-40.0 0.0 30.0 0.0001390385592355121
-40.0 0.0 30.0 0.0001771733580820165
-40.0 0.0 30.0 0.0002257675783369377
-40.0 0.0 30.0 0.0002876899776575326
-40.0 0.0 30.0 0.0003665961421664872
-40.0 0.0 30.0 0.00046714429381802434
-40.0 0.0 30.0 0.000595270288326264
-40.0 0.0 30.0 0.0007585380381464501
-40.0 0.0 30.0 0.0009665860477143506
-40.0 0.0 30.0 0.0012316964221320524
-40.0 0.0 30.0 0.0015695199407029215
-40.0 0.0 30.0 0.0020000000000000005

TRX_LOOP
-30.0 0.0 30.0 10.0 0 0

N_RECV 1
N_TIME 20
-30.0 0.0 30.0 2e-05
-30.0 0.0 30.0 2.54854997140627e-05
-30.0 0.0 30.0 3.2475534783774423e-05
-30.0 0.0 30.0 4.138276162229581e-05
-30.0 0.0 30.0 5.273301797460712e-05
-30.0 0.0 30.0 6.719636572567563e-05
-30.0 0.0 30.0 8.562664797438793e-05
-30.0 0.0 30.0 0.00010911189562337041
-30.0 0.0 30.0 0.0001390385592355121
-30.0 0.0 30.0 0.0001771733580820165
-30.0 0.0 30.0 0.0002257675783369377
-30.0 0.0 30.0 0.0002876899776575326
-30.0 0.0 30.0 0.0003665961421664872
-30.0 0.0 30.0 0.00046714429381802434
-30.0 0.0 30.0 0.000595270288326264
-30.0 0.0 30.0 0.0007585380381464501
-30.0 0.0 30.0 0.0009665860477143506
-30.0 0.0 30.0 0.0012316964221320524
-30.0 0.0 30.0 0.0015695199407029215
-30.0 0.0 30.0 0.0020000000000000005

TRX_LOOP
-20.0 0.0 30.0 10.0 0 0

N_RECV 1
N_TIME 20
-20.0 0.0 30.0 2e-05
-20.0 0.0 30.0 2.54854997140627e-05
-20.0 0.0 30.0 3.2475534783774423e-05
-20.0 0.0 30.0 4.138276162229581e-05
-20.0 0.0 30.0 5.273301797460712e-05
-20.0 0.0 30.0 6.719636572567563e-05
-20.0 0.0 30.0 8.562664797438793e-05
-20.0 0.0 30.0 0.00010911189562337041
-20.0 0.0 30.0 0.0001390385592355121
-20.0 0.0 30.0 0.0001771733580820165
-20.0 0.0 30.0 0.0002257675783369377
-20.0 0.0 30.0 0.0002876899776575326
-20.0 0.0 30.0 0.0003665961421664872
-20.0 0.0 30.0 0.00046714429381802434
-20.0 0.0 30.0 0.000595270288326264
-20.0 0.0 30.0 0.0007585380381464501
-20.0 0.0 30.0 0.0009665860477143506
-20.0 0.0 30.0 0.0012316964221320524
-20.0 0.0 30.0 0.0015695199407029215
-20.0 0.0 30.0 0.0020000000000000005

TRX_LOOP
-10.0 0.0 30.0 10.0 0 0

N_RECV 1
N_TIME 20
-10.0 0.0 30.0 2e-05
-10.0 0.0 30.0 2.54854997140627e-05
-10.0 0.0 30.0 3.2475534783774423e-05
-10.0 0.0 30.0 4.138276162229581e-05
-10.0 0.0 30.0 5.273301797460712e-05
-10.0 0.0 30.0 6.719636572567563e-05
-10.0 0.0 30.0 8.562664797438793e-05
-10.0 0.0 30.0 0.00010911189562337041
-10.0 0.0 30.0 0.0001390385592355121
-10.0 0.0 30.0 0.0001771733580820165
-10.0 0.0 30.0 0.0002257675783369377
-10.0 0.0 30.0 0.0002876899776575326
-10.0 0.0 30.0 0.0003665961421664872
-10.0 0.0 30.0 0.00046714429381802434
-10.0 0.0 30.0 0.000595270288326264
-10.0 0.0 30.0 0.0007585380381464501
-10.0 0.0 30.0 0.0009665860477143506
-10.0 0.0 30.0 0.0012316964221320524
-10.0 0.0 30.0 0.0015695199407029215
-10.0 0.0 30.0 0.0020000000000000005

TRX_LOOP
0.0 0.0 30.0 10.0 0 0

N_RECV 1
N_TIME 20
0.0 0.0 30.0 2e-05
0.0 0.0 30.0 2.54854997140627e-05
0.0 0.0 30.0 3.2475534783774423e-05
0.0 0.0 30.0 4.138276162229581e-05
0.0 0.0 30.0 5.273301797460712e-05
0.0 0.0 30.0 6.719636572567563e-05
0.0 0.0 30.0 8.562664797438793e-05
0.0 0.0 30.0 0.00010911189562337041
0.0 0.0 30.0 0.0001390385592355121
0.0 0.0 30.0 0.0001771733580820165
0.0 0.0 30.0 0.0002257675783369377
0.0 0.0 30.0 0.0002876899776575326
0.0 0.0 30.0 0.0003665961421664872
0.0 0.0 30.0 0.00046714429381802434
0.0 0.0 30.0 0.000595270288326264
0.0 0.0 30.0 0.0007585380381464501
0.0 0.0 30.0 0.0009665860477143506
0.0 0.0 30.0 0.0012316964221320524
0.0 0.0 30.0 0.0015695199407029215
0.0 0.0 30.0 0.0020000000000000005

TRX_LOOP
10.0 0.0 30.0 10.0 0 0

N_RECV 1
N_TIME 20
10.0 0.0 30.0 2e-05
10.0 0.0 30.0 2.54854997140627e-05
10.0 0.0 30.0 3.2475534783774423e-05
10.0 0.0 30.0 4.138276162229581e-05
10.0 0.0 30.0 5.273301797460712e-05
10.0 0.0 30.0 6.719636572567563e-05
10.0 0.0 30.0 8.562664797438793e-05
10.0 0.0 30.0 0.00010911189562337041
10.0 0.0 30.0 0.0001390385592355121
10.0 0.0 30.0 0.0001771733580820165
10.0 0.0 30.0 0.0002257675783369377
10.0 0.0 30.0 0.0002876899776575326
10.0 0.0 30.0 0.0003665961421664872
10.0 0.0 30.0 0.00046714429381802434
10.0 0.0 30.0 0.000595270288326264
10.0 0.0 30.0 0.0007585380381464501
10.0 0.0 30.0 0.0009665860477143506
10.0 0.0 30.0 0.0012316964221320524
10.0 0.0 30.0 0.0015695199407029215
10.0 0.0 30.0 0.0020000000000000005

TRX_LOOP
20.0 0.0 30.0 10.0 0 0

N_RECV 1
N_TIME 20
20.0 0.0 30.0 2e-05
20.0 0.0 30.0 2.54854997140627e-05
20.0 0.0 30.0 3.2475534783774423e-05
20.0 0.0 30.0 4.138276162229581e-05
20.0 0.0 30.0 5.273301797460712e-05
20.0 0.0 30.0 6.719636572567563e-05
20.0 0.0 30.0 8.562664797438793e-05
20.0 0.0 30.0 0.00010911189562337041
20.0 0.0 30.0 0.0001390385592355121
20.0 0.0 30.0 0.0001771733580820165
20.0 0.0 30.0 0.0002257675783369377
20.0 0.0 30.0 0.0002876899776575326
20.0 0.0 30.0 0.0003665961421664872
20.0 0.0 30.0 0.00046714429381802434
20.0 0.0 30.0 0.000595270288326264
20.0 0.0 30.0 0.0007585380381464501
20.0 0.0 30.0 0.0009665860477143506
20.0 0.0 30.0 0.0012316964221320524
20.0 0.0 30.0 0.0015695199407029215
20.0 0.0 30.0 0.0020000000000000005

TRX_LOOP
30.0 0.0 30.0 10.0 0 0

N_RECV 1
N_TIME 20
30.0 0.0 30.0 2e-05
30.0 0.0 30.0 2.54854997140627e-05
30.0 0.0 30.0 3.2475534783774423e-05
30.0 0.0 30.0 4.138276162229581e-05
30.0 0.0 30.0 5.273301797460712e-05
30.0 0.0 30.0 6.719636572567563e-05
30.0 0.0 30.0 8.562664797438793e-05
30.0 0.0 30.0 0.00010911189562337041
30.0 0.0 30.0 0.0001390385592355121
30.0 0.0 30.0 0.0001771733580820165
30.0 0.0 30.0 0.0002257675783369377
30.0 0.0 30.0 0.0002876899776575326
30.0 0.0 30.0 0.0003665961421664872
30.0 0.0 30.0 0.00046714429381802434
30.0 0.0 30.0 0.000595270288326264
30.0 0.0 30.0 0.0007585380381464501
30.0 0.0 30.0 0.0009665860477143506
30.0 0.0 30.0 0.0012316964221320524
30.0 0.0 30.0 0.0015695199407029215
30.0 0.0 30.0 0.0020000000000000005

TRX_LOOP
40.0 0.0 30.0 10.0 0 0

N_RECV 1
N_TIME 20
40.0 0.0 30.0 2e-05
40.0 0.0 30.0 2.54854997140627e-05
40.0 0.0 30.0 3.2475534783774423e-05
40.0 0.0 30.0 4.138276162229581e-05
40.0 0.0 30.0 5.273301797460712e-05
40.0 0.0 30.0 6.719636572567563e-05
40.0 0.0 30.0 8.562664797438793e-05
40.0 0.0 30.0 0.00010911189562337041
40.0 0.0 30.0 0.0001390385592355121
40.0 0.0 30.0 0.0001771733580820165
40.0 0.0 30.0 0.0002257675783369377
40.0 0.0 30.0 0.0002876899776575326
40.0 0.0 30.0 0.0003665961421664872
40.0 0.0 30.0 0.00046714429381802434
40.0 0.0 30.0 0.000595270288326264
40.0 0.0 30.0 0.0007585380381464501
40.0 0.0 30.0 0.0009665860477143506
40.0 0.0 30.0 0.0012316964221320524
40.0 0.0 30.0 0.0015695199407029215
40.0 0.0 30.0 0.0020000000000000005

TRX_LOOP
50.0 0.0 30.0 10.0 0 0

N_RECV 1
N_TIME 20
50.0 0.0 30.0 2e-05
50.0 0.0 30.0 2.54854997140627e-05
50.0 0.0 30.0 3.2475534783774423e-05
50.0 0.0 30.0 4.138276162229581e-05
50.0 0.0 30.0 5.273301797460712e-05
50.0 0.0 30.0 6.719636572567563e-05
50.0 0.0 30.0 8.562664797438793e-05
50.0 0.0 30.0 0.00010911189562337041
50.0 0.0 30.0 0.0001390385592355121
50.0 0.0 30.0 0.0001771733580820165
50.0 0.0 30.0 0.0002257675783369377
50.0 0.0 30.0 0.0002876899776575326
50.0 0.0 30.0 0.0003665961421664872
50.0 0.0 30.0 0.00046714429381802434
50.0 0.0 30.0 0.000595270288326264
50.0 0.0 30.0 0.0007585380381464501
50.0 0.0 30.0 0.0009665860477143506
50.0 0.0 30.0 0.0012316964221320524
50.0 0.0 30.0 0.0015695199407029215
50.0 0.0 30.0 0.0020000000000000005

TRX_LOOP
60.0 0.0 30.0 10.0 0 0

N_RECV 1
N_TIME 20
60.0 0.0 30.0 2e-05
60.0 0.0 30.0 2.54854997140627e-05
60.0 0.0 30.0 3.2475534783774423e-05
60.0 0.0 30.0 4.138276162229581e-05
60.0 0.0 30.0 5.273301797460712e-05
60.0 0.0 30.0 6.719636572567563e-05
60.0 0.0 30.0 8.562664797438793e-05
60.0 0.0 30.0 0.00010911189562337041
60.0 0.0 30.0 0.0001390385592355121
60.0 0.0 30.0 0.0001771733580820165
60.0 0.0 30.0 0.0002257675783369377
60.0 0.0 30.0 0.0002876899776575326
60.0 0.0 30.0 0.0003665961421664872
60.0 0.0 30.0 0.00046714429381802434
60.0 0.0 30.0 0.000595270288326264
60.0 0.0 30.0 0.0007585380381464501
60.0 0.0 30.0 0.0009665860477143506
60.0 0.0 30.0 0.0012316964221320524
60.0 0.0 30.0 0.0015695199407029215
60.0 0.0 30.0 0.0020000000000000005

TRX_LOOP
70.0 0.0 30.0 10.0 0 0

N_RECV 1
N_TIME 20
70.0 0.0 30.0 2e-05
70.0 0.0 30.0 2.54854997140627e-05
70.0 0.0 30.0 3.2475534783774423e-05
70.0 0.0 30.0 4.138276162229581e-05
70.0 0.0 30.0 5.273301797460712e-05
70.0 0.0 30.0 6.719636572567563e-05
70.0 0.0 30.0 8.562664797438793e-05
70.0 0.0 30.0 0.00010911189562337041
70.0 0.0 30.0 0.0001390385592355121
70.0 0.0 30.0 0.0001771733580820165
70.0 0.0 30.0 0.0002257675783369377
70.0 0.0 30.0 0.0002876899776575326
70.0 0.0 30.0 0.0003665961421664872
70.0 0.0 30.0 0.00046714429381802434
70.0 0.0 30.0 0.000595270288326264
70.0 0.0 30.0 0.0007585380381464501
70.0 0.0 30.0 0.0009665860477143506
70.0 0.0 30.0 0.0012316964221320524
70.0 0.0 30.0 0.0015695199407029215
70.0 0.0 30.0 0.0020000000000000005

TRX_LOOP
80.0 0.0 30.0 10.0 0 0

N_RECV 1
N_TIME 20
80.0 0.0 30.0 2e-05
80.0 0.0 30.0 2.54854997140627e-05
80.0 0.0 30.0 3.2475534783774423e-05
80.0 0.0 30.0 4.138276162229581e-05
80.0 0.0 30.0 5.273301797460712e-05
80.0 0.0 30.0 6.719636572567563e-05
80.0 0.0 30.0 8.562664797438793e-05
80.0 0.0 30.0 0.00010911189562337041
80.0 0.0 30.0 0.0001390385592355121
80.0 0.0 30.0 0.0001771733580820165
80.0 0.0 30.0 0.0002257675783369377
80.0 0.0 30.0 0.0002876899776575326
80.0 0.0 30.0 0.0003665961421664872
80.0 0.0 30.0 0.00046714429381802434
80.0 0.0 30.0 0.000595270288326264
80.0 0.0 30.0 0.0007585380381464501
80.0 0.0 30.0 0.0009665860477143506
80.0 0.0 30.0 0.0012316964221320524
80.0 0.0 30.0 0.0015695199407029215
80.0 0.0 30.0 0.0020000000000000005

TRX_LOOP
90.0 0.0 30.0 10.0 0 0

N_RECV 1
N_TIME 20
90.0 0.0 30.0 2e-05
90.0 0.0 30.0 2.54854997140627e-05
90.0 0.0 30.0 3.2475534783774423e-05
90.0 0.0 30.0 4.138276162229581e-05
90.0 0.0 30.0 5.273301797460712e-05
90.0 0.0 30.0 6.719636572567563e-05
90.0 0.0 30.0 8.562664797438793e-05
90.0 0.0 30.0 0.00010911189562337041
90.0 0.0 30.0 0.0001390385592355121
90.0 0.0 30.0 0.0001771733580820165
90.0 0.0 30.0 0.0002257675783369377
90.0 0.0 30.0 0.0002876899776575326
90.0 0.0 30.0 0.0003665961421664872
90.0 0.0 30.0 0.00046714429381802434
90.0 0.0 30.0 0.000595270288326264
90.0 0.0 30.0 0.0007585380381464501
90.0 0.0 30.0 0.0009665860477143506
90.0 0.0 30.0 0.0012316964221320524
90.0 0.0 30.0 0.0015695199407029215
90.0 0.0 30.0 0.0020000000000000005

TRX_LOOP
100.0 0.0 30.0 10.0 0 0

N_RECV 1
N_TIME 20
100.0 0.0 30.0 2e-05
100.0 0.0 30.0 2.54854997140627e-05
100.0 0.0 30.0 3.2475534783774423e-05
100.0 0.0 30.0 4.138276162229581e-05
100.0 0.0 30.0 5.273301797460712e-05
100.0 0.0 30.0 6.719636572567563e-05
100.0 0.0 30.0 8.562664797438793e-05
100.0 0.0 30.0 0.00010911189562337041
100.0 0.0 30.0 0.0001390385592355121
100.0 0.0 30.0 0.0001771733580820165
100.0 0.0 30.0 0.0002257675783369377
100.0 0.0 30.0 0.0002876899776575326
100.0 0.0 30.0 0.0003665961421664872
100.0 0.0 30.0 0.00046714429381802434
100.0 0.0 30.0 0.000595270288326264
100.0 0.0 30.0 0.0007585380381464501
100.0 0.0 30.0 0.0009665860477143506
100.0 0.0 30.0 0.0012316964221320524
100.0 0.0 30.0 0.0015695199407029215
100.0 0.0 30.0 0.0020000000000000005

TRX_LOOP
110.0 0.0 30.0 10.0 0 0

N_RECV 1
N_TIME 20
110.0 0.0 30.0 2e-05
110.0 0.0 30.0 2.54854997140627e-05
110.0 0.0 30.0 3.2475534783774423e-05
110.0 0.0 30.0 4.138276162229581e-05
110.0 0.0 30.0 5.273301797460712e-05
110.0 0.0 30.0 6.719636572567563e-05
110.0 0.0 30.0 8.562664797438793e-05
110.0 0.0 30.0 0.00010911189562337041
110.0 0.0 30.0 0.0001390385592355121
110.0 0.0 30.0 0.0001771733580820165
110.0 0.0 30.0 0.0002257675783369377
110.0 0.0 30.0 0.0002876899776575326
110.0 0.0 30.0 0.0003665961421664872
110.0 0.0 30.0 0.00046714429381802434
110.0 0.0 30.0 0.000595270288326264
110.0 0.0 30.0 0.0007585380381464501
110.0 0.0 30.0 0.0009665860477143506
110.0 0.0 30.0 0.0012316964221320524
110.0 0.0 30.0 0.0015695199407029215
110.0 0.0 30.0 0.0020000000000000005

TRX_LOOP
120.0 0.0 30.0 10.0 0 0

N_RECV 1
N_TIME 20
120.0 0.0 30.0 2e-05
120.0 0.0 30.0 2.54854997140627e-05
120.0 0.0 30.0 3.2475534783774423e-05
120.0 0.0 30.0 4.138276162229581e-05
120.0 0.0 30.0 5.273301797460712e-05
120.0 0.0 30.0 6.719636572567563e-05
120.0 0.0 30.0 8.562664797438793e-05
120.0 0.0 30.0 0.00010911189562337041
120.0 0.0 30.0 0.0001390385592355121
120.0 0.0 30.0 0.0001771733580820165
120.0 0.0 30.0 0.0002257675783369377
120.0 0.0 30.0 0.0002876899776575326
120.0 0.0 30.0 0.0003665961421664872
120.0 0.0 30.0 0.00046714429381802434
120.0 0.0 30.0 0.000595270288326264
120.0 0.0 30.0 0.0007585380381464501
120.0 0.0 30.0 0.0009665860477143506
120.0 0.0 30.0 0.0012316964221320524
120.0 0.0 30.0 0.0015695199407029215
120.0 0.0 30.0 0.0020000000000000005

TRX_LOOP
130.0 0.0 30.0 10.0 0 0

N_RECV 1
N_TIME 20
130.0 0.0 30.0 2e-05
130.0 0.0 30.0 2.54854997140627e-05
130.0 0.0 30.0 3.2475534783774423e-05
130.0 0.0 30.0 4.138276162229581e-05
130.0 0.0 30.0 5.273301797460712e-05
130.0 0.0 30.0 6.719636572567563e-05
130.0 0.0 30.0 8.562664797438793e-05
130.0 0.0 30.0 0.00010911189562337041
130.0 0.0 30.0 0.0001390385592355121
130.0 0.0 30.0 0.0001771733580820165
130.0 0.0 30.0 0.0002257675783369377
130.0 0.0 30.0 0.0002876899776575326
130.0 0.0 30.0 0.0003665961421664872
130.0 0.0 30.0 0.00046714429381802434
130.0 0.0 30.0 0.000595270288326264
130.0 0.0 30.0 0.0007585380381464501
130.0 0.0 30.0 0.0009665860477143506
130.0 0.0 30.0 0.0012316964221320524
130.0 0.0 30.0 0.0015695199407029215
130.0 0.0 30.0 0.0020000000000000005

TRX_LOOP
140.0 0.0 30.0 10.0 0 0

N_RECV 1
N_TIME 20
140.0 0.0 30.0 2e-05
140.0 0.0 30.0 2.54854997140627e-05
140.0 0.0 30.0 3.2475534783774423e-05
140.0 0.0 30.0 4.138276162229581e-05
140.0 0.0 30.0 5.273301797460712e-05
140.0 0.0 30.0 6.719636572567563e-05
140.0 0.0 30.0 8.562664797438793e-05
140.0 0.0 30.0 0.00010911189562337041
140.0 0.0 30.0 0.0001390385592355121
140.0 0.0 30.0 0.0001771733580820165
140.0 0.0 30.0 0.0002257675783369377
140.0 0.0 30.0 0.0002876899776575326
140.0 0.0 30.0 0.0003665961421664872
140.0 0.0 30.0 0.00046714429381802434
140.0 0.0 30.0 0.000595270288326264
140.0 0.0 30.0 0.0007585380381464501
140.0 0.0 30.0 0.0009665860477143506
140.0 0.0 30.0 0.0012316964221320524
140.0 0.0 30.0 0.0015695199407029215
140.0 0.0 30.0 0.0020000000000000005

TRX_LOOP
150.0 0.0 30.0 10.0 0 0

N_RECV 1
N_TIME 20
150.0 0.0 30.0 2e-05
150.0 0.0 30.0 2.54854997140627e-05
150.0 0.0 30.0 3.2475534783774423e-05
150.0 0.0 30.0 4.138276162229581e-05
150.0 0.0 30.0 5.273301797460712e-05
150.0 0.0 30.0 6.719636572567563e-05
150.0 0.0 30.0 8.562664797438793e-05
150.0 0.0 30.0 0.00010911189562337041
150.0 0.0 30.0 0.0001390385592355121
150.0 0.0 30.0 0.0001771733580820165
150.0 0.0 30.0 0.0002257675783369377
150.0 0.0 30.0 0.0002876899776575326
150.0 0.0 30.0 0.0003665961421664872
150.0 0.0 30.0 0.00046714429381802434
150.0 0.0 30.0 0.000595270288326264
150.0 0.0 30.0 0.0007585380381464501
150.0 0.0 30.0 0.0009665860477143506
150.0 0.0 30.0 0.0012316964221320524
150.0 0.0 30.0 0.0015695199407029215
150.0 0.0 30.0 0.0020000000000000005

TRX_LOOP
160.0 0.0 30.0 10.0 0 0

N_RECV 1
N_TIME 20
160.0 0.0 30.0 2e-05
160.0 0.0 30.0 2.54854997140627e-05
160.0 0.0 30.0 3.2475534783774423e-05
160.0 0.0 30.0 4.138276162229581e-05
160.0 0.0 30.0 5.273301797460712e-05
160.0 0.0 30.0 6.719636572567563e-05
160.0 0.0 30.0 8.562664797438793e-05
160.0 0.0 30.0 0.00010911189562337041
160.0 0.0 30.0 0.0001390385592355121
160.0 0.0 30.0 0.0001771733580820165
160.0 0.0 30.0 0.0002257675783369377
160.0 0.0 30.0 0.0002876899776575326
160.0 0.0 30.0 0.0003665961421664872
160.0 0.0 30.0 0.00046714429381802434
160.0 0.0 30.0 0.000595270288326264
160.0 0.0 30.0 0.0007585380381464501
160.0 0.0 30.0 0.0009665860477143506
160.0 0.0 30.0 0.0012316964221320524
160.0 0.0 30.0 0.0015695199407029215
160.0 0.0 30.0 0.0020000000000000005

TRX_LOOP
170.0 0.0 30.0 10.0 0 0

N_RECV 1
N_TIME 20
170.0 0.0 30.0 2e-05
170.0 0.0 30.0 2.54854997140627e-05
170.0 0.0 30.0 3.2475534783774423e-05
170.0 0.0 30.0 4.138276162229581e-05
170.0 0.0 30.0 5.273301797460712e-05
170.0 0.0 30.0 6.719636572567563e-05
170.0 0.0 30.0 8.562664797438793e-05
170.0 0.0 30.0 0.00010911189562337041
170.0 0.0 30.0 0.0001390385592355121
170.0 0.0 30.0 0.0001771733580820165
170.0 0.0 30.0 0.0002257675783369377
170.0 0.0 30.0 0.0002876899776575326
170.0 0.0 30.0 0.0003665961421664872
170.0 0.0 30.0 0.00046714429381802434
170.0 0.0 30.0 0.000595270288326264
170.0 0.0 30.0 0.0007585380381464501
170.0 0.0 30.0 0.0009665860477143506
170.0 0.0 30.0 0.0012316964221320524
170.0 0.0 30.0 0.0015695199407029215
170.0 0.0 30.0 0.0020000000000000005

TRX_LOOP
180.0 0.0 30.0 10.0 0 0

N_RECV 1
N_TIME 20
180.0 0.0 30.0 2e-05
180.0 0.0 30.0 2.54854997140627e-05
180.0 0.0 30.0 3.2475534783774423e-05
180.0 0.0 30.0 4.138276162229581e-05
180.0 0.0 30.0 5.273301797460712e-05
180.0 0.0 30.0 6.719636572567563e-05
180.0 0.0 30.0 8.562664797438793e-05
180.0 0.0 30.0 0.00010911189562337041
180.0 0.0 30.0 0.0001390385592355121
180.0 0.0 30.0 0.0001771733580820165
180.0 0.0 30.0 0.0002257675783369377
180.0 0.0 30.0 0.0002876899776575326
180.0 0.0 30.0 0.0003665961421664872
180.0 0.0 30.0 0.00046714429381802434
180.0 0.0 30.0 0.000595270288326264
180.0 0.0 30.0 0.0007585380381464501
180.0 0.0 30.0 0.0009665860477143506
180.0 0.0 30.0 0.0012316964221320524
180.0 0.0 30.0 0.0015695199407029215
180.0 0.0 30.0 0.0020000000000000005

TRX_LOOP
190.0 0.0 30.0 10.0 0 0

N_RECV 1
N_TIME 20
190.0 0.0 30.0 2e-05
190.0 0.0 30.0 2.54854997140627e-05
190.0 0.0 30.0 3.2475534783774423e-05
190.0 0.0 30.0 4.138276162229581e-05
190.0 0.0 30.0 5.273301797460712e-05
190.0 0.0 30.0 6.719636572567563e-05
190.0 0.0 30.0 8.562664797438793e-05
190.0 0.0 30.0 0.00010911189562337041
190.0 0.0 30.0 0.0001390385592355121
190.0 0.0 30.0 0.0001771733580820165
190.0 0.0 30.0 0.0002257675783369377
190.0 0.0 30.0 0.0002876899776575326
190.0 0.0 30.0 0.0003665961421664872
190.0 0.0 30.0 0.00046714429381802434
190.0 0.0 30.0 0.000595270288326264
190.0 0.0 30.0 0.0007585380381464501
190.0 0.0 30.0 0.0009665860477143506
190.0 0.0 30.0 0.0012316964221320524
190.0 0.0 30.0 0.0015695199407029215
190.0 0.0 30.0 0.0020000000000000005

TRX_LOOP
200.0 0.0 30.0 10.0 0 0

N_RECV 1
N_TIME 20
200.0 0.0 30.0 2e-05
200.0 0.0 30.0 2.54854997140627e-05
200.0 0.0 30.0 3.2475534783774423e-05
200.0 0.0 30.0 4.138276162229581e-05
200.0 0.0 30.0 5.273301797460712e-05
200.0 0.0 30.0 6.719636572567563e-05
200.0 0.0 30.0 8.562664797438793e-05
200.0 0.0 30.0 0.00010911189562337041
200.0 0.0 30.0 0.0001390385592355121
200.0 0.0 30.0 0.0001771733580820165
200.0 0.0 30.0 0.0002257675783369377
200.0 0.0 30.0 0.0002876899776575326
200.0 0.0 30.0 0.0003665961421664872
200.0 0.0 30.0 0.00046714429381802434
200.0 0.0 30.0 0.000595270288326264
200.0 0.0 30.0 0.0007585380381464501
200.0 0.0 30.0 0.0009665860477143506
200.0 0.0 30.0 0.0012316964221320524
200.0 0.0 30.0 0.0015695199407029215
200.0 0.0 30.0 0.0020000000000000005

TRX_LOOP
210.0 0.0 30.0 10.0 0 0

N_RECV 1
N_TIME 20
210.0 0.0 30.0 2e-05
210.0 0.0 30.0 2.54854997140627e-05
210.0 0.0 30.0 3.2475534783774423e-05
210.0 0.0 30.0 4.138276162229581e-05
210.0 0.0 30.0 5.273301797460712e-05
210.0 0.0 30.0 6.719636572567563e-05
210.0 0.0 30.0 8.562664797438793e-05
210.0 0.0 30.0 0.00010911189562337041
210.0 0.0 30.0 0.0001390385592355121
210.0 0.0 30.0 0.0001771733580820165
210.0 0.0 30.0 0.0002257675783369377
210.0 0.0 30.0 0.0002876899776575326
210.0 0.0 30.0 0.0003665961421664872
210.0 0.0 30.0 0.00046714429381802434
210.0 0.0 30.0 0.000595270288326264
210.0 0.0 30.0 0.0007585380381464501
210.0 0.0 30.0 0.0009665860477143506
210.0 0.0 30.0 0.0012316964221320524
210.0 0.0 30.0 0.0015695199407029215
210.0 0.0 30.0 0.0020000000000000005

TRX_LOOP
220.0 0.0 30.0 10.0 0 0

N_RECV 1
N_TIME 20
220.0 0.0 30.0 2e-05
220.0 0.0 30.0 2.54854997140627e-05
220.0 0.0 30.0 3.2475534783774423e-05
220.0 0.0 30.0 4.138276162229581e-05
220.0 0.0 30.0 5.273301797460712e-05
220.0 0.0 30.0 6.719636572567563e-05
220.0 0.0 30.0 8.562664797438793e-05
220.0 0.0 30.0 0.00010911189562337041
220.0 0.0 30.0 0.0001390385592355121
220.0 0.0 30.0 0.0001771733580820165
220.0 0.0 30.0 0.0002257675783369377
220.0 0.0 30.0 0.0002876899776575326
220.0 0.0 30.0 0.0003665961421664872
220.0 0.0 30.0 0.00046714429381802434
220.0 0.0 30.0 0.000595270288326264
220.0 0.0 30.0 0.0007585380381464501
220.0 0.0 30.0 0.0009665860477143506
220.0 0.0 30.0 0.0012316964221320524
220.0 0.0 30.0 0.0015695199407029215
220.0 0.0 30.0 0.0020000000000000005

TRX_LOOP
230.0 0.0 30.0 10.0 0 0

N_RECV 1
N_TIME 20
230.0 0.0 30.0 2e-05
230.0 0.0 30.0 2.54854997140627e-05
230.0 0.0 30.0 3.2475534783774423e-05
230.0 0.0 30.0 4.138276162229581e-05
230.0 0.0 30.0 5.273301797460712e-05
230.0 0.0 30.0 6.719636572567563e-05
230.0 0.0 30.0 8.562664797438793e-05
230.0 0.0 30.0 0.00010911189562337041
230.0 0.0 30.0 0.0001390385592355121
230.0 0.0 30.0 0.0001771733580820165
230.0 0.0 30.0 0.0002257675783369377
230.0 0.0 30.0 0.0002876899776575326
230.0 0.0 30.0 0.0003665961421664872
230.0 0.0 30.0 0.00046714429381802434
230.0 0.0 30.0 0.000595270288326264
230.0 0.0 30.0 0.0007585380381464501
230.0 0.0 30.0 0.0009665860477143506
230.0 0.0 30.0 0.0012316964221320524
230.0 0.0 30.0 0.0015695199407029215
230.0 0.0 30.0 0.0020000000000000005

TRX_LOOP
240.0 0.0 30.0 10.0 0 0

N_RECV 1
N_TIME 20
240.0 0.0 30.0 2e-05
240.0 0.0 30.0 2.54854997140627e-05
240.0 0.0 30.0 3.2475534783774423e-05
240.0 0.0 30.0 4.138276162229581e-05
240.0 0.0 30.0 5.273301797460712e-05
240.0 0.0 30.0 6.719636572567563e-05
240.0 0.0 30.0 8.562664797438793e-05
240.0 0.0 30.0 0.00010911189562337041
240.0 0.0 30.0 0.0001390385592355121
240.0 0.0 30.0 0.0001771733580820165
240.0 0.0 30.0 0.0002257675783369377
240.0 0.0 30.0 0.0002876899776575326
240.0 0.0 30.0 0.0003665961421664872
240.0 0.0 30.0 0.00046714429381802434
240.0 0.0 30.0 0.000595270288326264
240.0 0.0 30.0 0.0007585380381464501
240.0 0.0 30.0 0.0009665860477143506
240.0 0.0 30.0 0.0012316964221320524
240.0 0.0 30.0 0.0015695199407029215
240.0 0.0 30.0 0.0020000000000000005

TRX_LOOP
250.0 0.0 30.0 10.0 0 0

N_RECV 1
N_TIME 20
250.0 0.0 30.0 2e-05
250.0 0.0 30.0 2.54854997140627e-05
250.0 0.0 30.0 3.2475534783774423e-05
250.0 0.0 30.0 4.138276162229581e-05
250.0 0.0 30.0 5.273301797460712e-05
250.0 0.0 30.0 6.719636572567563e-05
250.0 0.0 30.0 8.562664797438793e-05
250.0 0.0 30.0 0.00010911189562337041
250.0 0.0 30.0 0.0001390385592355121
250.0 0.0 30.0 0.0001771733580820165
250.0 0.0 30.0 0.0002257675783369377
250.0 0.0 30.0 0.0002876899776575326
250.0 0.0 30.0 0.0003665961421664872
250.0 0.0 30.0 0.00046714429381802434
250.0 0.0 30.0 0.000595270288326264
250.0 0.0 30.0 0.0007585380381464501
250.0 0.0 30.0 0.0009665860477143506
250.0 0.0 30.0 0.0012316964221320524
250.0 0.0 30.0 0.0015695199407029215
250.0 0.0 30.0 0.0020000000000000005

TRX_LOOP
260.0 0.0 30.0 10.0 0 0

N_RECV 1
N_TIME 20
260.0 0.0 30.0 2e-05
260.0 0.0 30.0 2.54854997140627e-05
260.0 0.0 30.0 3.2475534783774423e-05
260.0 0.0 30.0 4.138276162229581e-05
260.0 0.0 30.0 5.273301797460712e-05
260.0 0.0 30.0 6.719636572567563e-05
260.0 0.0 30.0 8.562664797438793e-05
260.0 0.0 30.0 0.00010911189562337041
260.0 0.0 30.0 0.0001390385592355121
260.0 0.0 30.0 0.0001771733580820165
260.0 0.0 30.0 0.0002257675783369377
260.0 0.0 30.0 0.0002876899776575326
260.0 0.0 30.0 0.0003665961421664872
260.0 0.0 30.0 0.00046714429381802434
260.0 0.0 30.0 0.000595270288326264
260.0 0.0 30.0 0.0007585380381464501
260.0 0.0 30.0 0.0009665860477143506
260.0 0.0 30.0 0.0012316964221320524
260.0 0.0 30.0 0.0015695199407029215
260.0 0.0 30.0 0.0020000000000000005

TRX_LOOP
270.0 0.0 30.0 10.0 0 0

N_RECV 1
N_TIME 20
270.0 0.0 30.0 2e-05
270.0 0.0 30.0 2.54854997140627e-05
270.0 0.0 30.0 3.2475534783774423e-05
270.0 0.0 30.0 4.138276162229581e-05
270.0 0.0 30.0 5.273301797460712e-05
270.0 0.0 30.0 6.719636572567563e-05
270.0 0.0 30.0 8.562664797438793e-05
270.0 0.0 30.0 0.00010911189562337041
270.0 0.0 30.0 0.0001390385592355121
270.0 0.0 30.0 0.0001771733580820165
270.0 0.0 30.0 0.0002257675783369377
270.0 0.0 30.0 0.0002876899776575326
270.0 0.0 30.0 0.0003665961421664872
270.0 0.0 30.0 0.00046714429381802434
270.0 0.0 30.0 0.000595270288326264
270.0 0.0 30.0 0.0007585380381464501
270.0 0.0 30.0 0.0009665860477143506
270.0 0.0 30.0 0.0012316964221320524
270.0 0.0 30.0 0.0015695199407029215
270.0 0.0 30.0 0.0020000000000000005

TRX_LOOP
280.0 0.0 30.0 10.0 0 0

N_RECV 1
N_TIME 20
280.0 0.0 30.0 2e-05
280.0 0.0 30.0 2.54854997140627e-05
280.0 0.0 30.0 3.2475534783774423e-05
280.0 0.0 30.0 4.138276162229581e-05
280.0 0.0 30.0 5.273301797460712e-05
280.0 0.0 30.0 6.719636572567563e-05
280.0 0.0 30.0 8.562664797438793e-05
280.0 0.0 30.0 0.00010911189562337041
280.0 0.0 30.0 0.0001390385592355121
280.0 0.0 30.0 0.0001771733580820165
280.0 0.0 30.0 0.0002257675783369377
280.0 0.0 30.0 0.0002876899776575326
280.0 0.0 30.0 0.0003665961421664872
280.0 0.0 30.0 0.00046714429381802434
280.0 0.0 30.0 0.000595270288326264
280.0 0.0 30.0 0.0007585380381464501
280.0 0.0 30.0 0.0009665860477143506
280.0 0.0 30.0 0.0012316964221320524
280.0 0.0 30.0 0.0015695199407029215
280.0 0.0 30.0 0.0020000000000000005

TRX_LOOP
290.0 0.0 30.0 10.0 0 0

N_RECV 1
N_TIME 20
290.0 0.0 30.0 2e-05
290.0 0.0 30.0 2.54854997140627e-05
290.0 0.0 30.0 3.2475534783774423e-05
290.0 0.0 30.0 4.138276162229581e-05
290.0 0.0 30.0 5.273301797460712e-05
290.0 0.0 30.0 6.719636572567563e-05
290.0 0.0 30.0 8.562664797438793e-05
290.0 0.0 30.0 0.00010911189562337041
290.0 0.0 30.0 0.0001390385592355121
290.0 0.0 30.0 0.0001771733580820165
290.0 0.0 30.0 0.0002257675783369377
290.0 0.0 30.0 0.0002876899776575326
290.0 0.0 30.0 0.0003665961421664872
290.0 0.0 30.0 0.00046714429381802434
290.0 0.0 30.0 0.000595270288326264
290.0 0.0 30.0 0.0007585380381464501
290.0 0.0 30.0 0.0009665860477143506
290.0 0.0 30.0 0.0012316964221320524
290.0 0.0 30.0 0.0015695199407029215
290.0 0.0 30.0 0.0020000000000000005

TRX_LOOP
300.0 0.0 30.0 10.0 0 0

N_RECV 1
N_TIME 20
300.0 0.0 30.0 2e-05
300.0 0.0 30.0 2.54854997140627e-05
300.0 0.0 30.0 3.2475534783774423e-05
300.0 0.0 30.0 4.138276162229581e-05
300.0 0.0 30.0 5.273301797460712e-05
300.0 0.0 30.0 6.719636572567563e-05
300.0 0.0 30.0 8.562664797438793e-05
300.0 0.0 30.0 0.00010911189562337041
300.0 0.0 30.0 0.0001390385592355121
300.0 0.0 30.0 0.0001771733580820165
300.0 0.0 30.0 0.0002257675783369377
300.0 0.0 30.0 0.0002876899776575326
300.0 0.0 30.0 0.0003665961421664872
300.0 0.0 30.0 0.00046714429381802434
300.0 0.0 30.0 0.000595270288326264
300.0 0.0 30.0 0.0007585380381464501
300.0 0.0 30.0 0.0009665860477143506
300.0 0.0 30.0 0.0012316964221320524
300.0 0.0 30.0 0.0015695199407029215
300.0 0.0 30.0 0.0020000000000000005

