-3.550083964818605485e-09
-2.363268890802533594e-09
-1.611771696680719243e-09
-1.093830728310280403e-09
-7.328909245172316738e-10
-4.879438892494549122e-10
-3.239244493393565143e-10
-2.143641194052897845e-10
-1.416473859972354073e-10
-9.489511779985668692e-11
-6.367537127540472180e-11
-4.250703411200918344e-11
-2.812413456697930969e-11
-1.853432347579891280e-11
-1.237055159109513913e-11
-8.363026350583706455e-12
-5.594874715631893473e-12
-3.708130215117803278e-12
-2.442788974810369399e-12
-1.600053550705284021e-12
-1.043087524461701247e-12
-7.022845085120855186e-13
-4.673275547686319999e-13
-3.071017186276565408e-13
-2.020367912487472242e-13
-1.330233283594644056e-13
-8.750141775606173168e-14
-3.550207085468080858e-09
-2.363347988006997704e-09
-1.611803525048827276e-09
-1.093827256751487542e-09
-7.328663894682426217e-10
-4.879103132033259494e-10
-3.238892285075577646e-10
-2.143311658089461060e-10
-1.416191598161714174e-10
-9.487324848184735567e-11
-6.366022464964979422e-11
-4.249777179079216954e-11
-2.811920220340364510e-11
-1.853198414700947666e-11
-1.236939894821502379e-11
-8.362325154822830113e-12
-5.594363326641671904e-12
-3.707729779513075476e-12
-2.442488027683802135e-12
-1.599843863244462536e-12
-1.042948905880869125e-12
-7.021910488513444676e-13
-4.672658230289270505e-13
-3.070627801707544693e-13
-2.020137937678351059e-13
-1.330109613673084838e-13
-8.749571733785777942e-14
-3.550258247818247402e-09
-2.363388898712048462e-09
-1.611817373442852880e-09
-1.093817296913682036e-09
-7.328411024326106547e-10
-4.878781890783032249e-10
-3.238559359060066786e-10
-2.142998987563677791e-10
-1.415921028482438468e-10
-9.485200545772056138e-11
-6.364528553760886873e-11
-4.248847299129074853e-11
-2.811414312229436995e-11
-1.852952709535580864e-11
-1.236817300544399743e-11
-8.361589237104791119e-12
-5.593840974975486777e-12
-3.707329076243995214e-12
-2.442189720605541159e-12
-1.599636681269436261e-12
-1.042812036085475150e-12
-7.020987326260702645e-13
-4.672047860571880006e-13
-3.070242233171719820e-13
-2.019909837975297283e-13
-1.329986708647509282e-13
-8.749002783998223746e-14
-3.550248096006962643e-09
-2.363395825001886633e-09
-1.611814432346407125e-09
-1.093800676843184944e-09
-7.328144050144338402e-10
-4.878467955288145159e-10
-3.238239349670836169e-10
-2.142698023437997363e-10
-1.415658248545362785e-10
-9.483111460827745506e-11
-6.363037709042367075e-11
-4.247903379325598633e-11
-2.810890174233969493e-11
-1.852692381391988032e-11
-1.236685742669167099e-11
-8.360807287175910236e-12
-5.593298987109414269e-12
-3.706921354866800430e-12
-2.441889043492006347e-12
-1.599428508187105056e-12
-1.042674572586508969e-12
-7.020059592868395756e-13
-4.671433696688488171e-13
-3.069853509305886189e-13
-2.019679257536585343e-13
-1.329861970145505519e-13
-8.748420373062672991e-14
-3.550183389601283479e-09
-2.363370819735130368e-09
-1.611794987537673539e-09
-1.093777173524231877e-09
-7.327861055032604368e-10
-4.878161314606301528e-10
-3.237933939403815860e-10
-2.142411484020615720e-10
-1.415406340039312025e-10
-9.481085875026360551e-11
-6.361571962952457703e-11
-4.246960161997382606e-11
-2.810356247783484254e-11
-1.852421619261449067e-11
-1.236547240005609843e-11
-8.359990393714375728e-12
-5.592744577674764920e-12
-3.706511962706182086e-12
-2.441590006801001347e-12
-1.599222203224727048e-12
-1.042538475142962141e-12
-7.019141038916413625e-13
-4.670825250060868341e-13
-3.069467963505382480e-13
-2.019450196620458295e-13
-1.329737767298656606e-13
-8.747837436368045183e-14
-3.550081619559515143e-09
-2.363323415588361654e-09
-1.611764134037220641e-09
-1.093749340471896023e-09
-7.327573659078377620e-10
-4.877866569253266892e-10
-3.237644299343780171e-10
-2.142138936381878025e-10
-1.415164306217537586e-10
-9.479114256986209788e-11
-6.360124575195523747e-11
-4.246013933715680535e-11
-2.809811065258826923e-11
-1.852140125510452564e-11
-1.236401809191601332e-11
-8.359138132434267975e-12
-5.592176131132026693e-12
-3.706098622415717468e-12
-2.441290377713298423e-12
-1.599015965012738096e-12
-1.042402423286306204e-12
-7.018222057203256118e-13
-4.670215707998278346e-13
-3.069080990012704544e-13
-2.019219726225328628e-13
-1.329612365313911204e-13
-8.747244646517676708e-14
-3.549952888506131232e-09
-2.363258470284054209e-09
-1.611724146005454631e-09
-1.093718230838408139e-09
-7.327287462402267425e-10
-4.877587878721010001e-10
-3.237374340388380588e-10
-2.141884255376890611e-10
-1.414935836765969585e-10
-9.477228629469738872e-11
-6.358720361561074474e-11
-4.245081711268225823e-11
-2.809264881312382219e-11
-1.851853408372469295e-11
-1.236252340800906890e-11
-8.358266983156003625e-12
-5.591604002581564060e-12
-3.705688460581936641e-12
-2.440995186484975726e-12
-1.598813251943304327e-12
-1.042268733245626982e-12
-7.017318619650622823e-13
-4.669615946816934215e-13
-3.068699752654538602e-13
-2.018992358654915812e-13
-1.329488453428457184e-13
-8.746656979709720417e-14
-3.549806886148156311e-09
-2.363181349517234769e-09
-1.611677780350464428e-09
-1.093685076623433207e-09
-7.327006598952415112e-10
-4.877325535797543986e-10
-3.237122720035709184e-10
-2.141645515743423736e-10
-1.414719011364235469e-10
-9.475413324666924955e-11
-6.357348369557131171e-11
-4.244156908069881513e-11
-2.808714343817299158e-11
-1.851560004805523943e-11
-1.236098163809229347e-11
-8.357372582120619749e-12
-5.591024424800611779e-12
-3.705278053700745300e-12
-2.440701585119145186e-12
-1.598611925187804019e-12
-1.042135895301168114e-12
-7.016419973744123837e-13
-4.669018459693466000e-13
-3.068319226675857574e-13
-2.018764911234291162e-13
-1.329364144162197389e-13
-8.746064180109056397e-14
-3.549651105598225602e-09
-2.363095847704912694e-09
-1.611626793203070927e-09
-1.093650610708823754e-09
-7.326734196484860299e-10
-4.877081636645871684e-10
-3.236891676624847517e-10
-2.141425306237669446e-10
-1.414516591428047402e-10
-9.473694187041624355e-11
-6.356029735838013142e-11
-4.243254630808799316e-11
-2.808168861673612609e-11
-1.851265085199002810e-11
-1.235942007025975779e-11
-8.356470304720019002e-12
-5.590446881124654966e-12
-3.704873859113258780e-12
-2.440414136690077154e-12
-1.598415143250211852e-12
-1.042006041294823997e-12
-7.015540918817070836e-13
-4.668433391857728495e-13
-3.067946133924210354e-13
-2.018541634490367749e-13
-1.329241975247359848e-13
-8.745480384512955420e-14
-3.549490226903268952e-09
-2.363004668643144754e-09
-1.611572483664442098e-09
-1.093615268492443084e-09
-7.326470032536969723e-10
-4.876854035077109623e-10
-3.236678472978045981e-10
-2.141220885286290506e-10
-1.414326148074865470e-10
-9.472052020909303500e-11
-6.354750917436748192e-11
-4.242366395783974406e-11
-2.807623760060275714e-11
-1.850966332907201751e-11
-1.235782685690151587e-11
-8.355552841745838413e-12
-5.589866015145002916e-12
-3.704471623634665289e-12
-2.440129555567824765e-12
-1.598220528997695167e-12
-1.041877528020943149e-12
-7.014669896914266319e-13
-4.667852750461984935e-13
-3.067575156353335752e-13
-2.018319166324417710e-13
-1.329119948568899655e-13
-8.744894635127773798e-14
-3.549329676664936817e-09
-2.362910792319015804e-09
-1.611516263869583704e-09
-1.093579602139784866e-09
-7.326215857414630164e-10
-4.876643556130747461e-10
-3.236484204097211762e-10
-2.141033887572537946e-10
-1.414149709314618434e-10
-9.470507554972271117e-11
-6.353529890483364755e-11
-4.241505621975272713e-11
-2.807087688791596912e-11
-1.850668619100561526e-11
-1.235622792005034283e-11
-8.354634657021547443e-12
-5.589290579206964901e-12
-3.704077227676218188e-12
-2.439851991907674995e-12
-1.598030970478457667e-12
-1.041752318326141834e-12
-7.013820620715977539e-13
-4.667285996405452631e-13
-3.067212598055966324e-13
-2.018101507421267770e-13
-1.329000455659462112e-13
-8.744320246480667326e-14
-3.549171291572516889e-09
-2.362815452012050781e-09
-1.611458687925677826e-09
-1.093543688605624358e-09
-7.325969809393526339e-10
-4.876447310914637446e-10
-3.236305799151198406e-10
-2.140861421288399881e-10
-1.413984760192471713e-10
-9.469040804067157999e-11
-6.352352286173039079e-11
-4.240663039363277607e-11
-2.806555326394912468e-11
-1.850369173615317516e-11
-1.235460865059139297e-11
-8.353706930193235975e-12
-5.588714483471738751e-12
-3.703686095782109237e-12
-2.439578023170704274e-12
-1.597844030224563511e-12
-1.041628740929142008e-12
-7.012981385877229022e-13
-4.666725059097588667e-13
-3.066853096600657021e-13
-2.017885267034677515e-13
-1.328881478066240726e-13
-8.743746093656222986e-14
-3.549019002282106012e-09
-2.362721062488543562e-09
-1.611400983910830589e-09
-1.093508024170139397e-09
-7.325733264068313657e-10
-4.876265612490070320e-10
-3.236143741984911766e-10
-2.140704516537844008e-10
-1.413832810849562386e-10
-9.467668635171805217e-11
-6.351233596140483837e-11
-4.239850719321050925e-11
-2.806034731522601182e-11
-1.850072660027028785e-11
-1.235299419726245975e-11
-8.352783628213313094e-12
-5.588146033315863491e-12
-3.703303716083904099e-12
-2.439311500397567005e-12
-1.597662393395722591e-12
-1.041508629096551688e-12
-7.012165058672266321e-13
-4.666178858478379699e-13
-3.066502621920913177e-13
-2.017674244853342313e-13
-1.328765289824088036e-13
-8.743184837120419899e-14
-3.548872982787512645e-09
-2.362627986822133468e-09
-1.611343296432236385e-09
-1.093472524281138614e-09
-7.325503922413591921e-10
-4.876095587512840516e-10
-3.235995113140578681e-10
-2.140560444672446782e-10
-1.413691466773396204e-10
-9.466371670995858508e-11
-6.350159563795004225e-11
-4.239059215784990791e-11
-2.805520315350237606e-11
-1.849776080379136355e-11
-1.235136851845581921e-11
-8.351855209925435867e-12
-5.587578869786958402e-12
-3.702925463474679740e-12
-2.439049025535868073e-12
-1.597483658235420338e-12
-1.041390340853817992e-12
-7.011360150253400006e-13
-4.665639472627876022e-13
-3.066155906673317042e-13
-2.017465106720173103e-13
-1.328649903543484165e-13
-8.742625491431913981e-14
-3.548736026648959596e-09
-2.362538179473997245e-09
-1.611286717474211645e-09
-1.093437670562655554e-09
-7.325283208528271557e-10
-4.875937423000953052e-10
-3.235860089332752504e-10
-2.140429845470578452e-10
-1.413561857354143635e-10
-9.465163714844765415e-11
-6.349143607151070143e-11
-4.238299436416659710e-11
-2.805019619001331235e-11
-1.849483923758350116e-11
-1.234975621056878602e-11
-8.350935322884454973e-12
-5.587020988317915141e-12
-3.702556529808278864e-12
-2.438794211757183691e-12
-1.597310343709210245e-12
-1.041275601196856096e-12
-7.010578808614123509e-13
-4.665115355200931988e-13
-3.065818628849948250e-13
-2.017261475405434037e-13
-1.328537489823782455e-13
-8.742080146179485325e-14
-3.548607348294316968e-09
-2.362451461744120801e-09
-1.611231144346713081e-09
-1.093403300706481918e-09
-7.325068853906768514e-10
-4.875788550049212620e-10
-3.235736091377603746e-10
-2.140310281216628186e-10
-1.413441798844696573e-10
-9.464026659938497934e-11
-6.348172060631039426e-11
-4.237562088462442054e-11
-2.804526997865567635e-11
-1.849193091062183802e-11
-1.234814053071301966e-11
-8.350014125613397882e-12
-5.586465998622135040e-12
-3.702192375774874927e-12
-2.438543764602579197e-12
-1.597140130879823219e-12
-1.041162825847015573e-12
-7.009809941685363011e-13
-4.664598848233168948e-13
-3.065485688452757405e-13
-2.017060118048792732e-13
-1.328426119441151009e-13
-8.741538117285743554e-14
-3.548488866569016685e-09
-2.362369380506890189e-09
-1.611177535293877309e-09
-1.093369883336723344e-09
-7.324862446371659542e-10
-4.875649202228329615e-10
-3.235623157668707098e-10
-2.140202134742869728e-10
-1.413332130718408477e-10
-9.462971783504331191e-11
-6.347256534546420455e-11
-4.236857017248797282e-11
-2.804049499395803598e-11
-1.848907898007164914e-11
-1.234654553197900035e-11
-8.349104984588569499e-12
-5.585921635509056467e-12
-3.701837939644730621e-12
-2.438301088879541011e-12
-1.596975390474662743e-12
-1.041053641796417270e-12
-7.009065038900980318e-13
-4.664097971975373428e-13
-3.065162488654557494e-13
-2.016864489533506019e-13
-1.328317864644367406e-13
-8.741010953532524105e-14
-3.548379273635721379e-09
-2.362291410068440502e-09
-1.611125622136687271e-09
-1.093337210058099978e-09
-7.324661870382569040e-10
-4.875517176175136062e-10
-3.235519090615476855e-10
-2.140103292485128396e-10
-1.413230909900216851e-10
-9.461982523703354284e-11
-6.346384188450489512e-11
-4.236175263159974050e-11
-2.803581546346084964e-11
-1.848625219553913165e-11
-1.234495419532559572e-11
-8.348197990718179657e-12
-5.585381600588692376e-12
-3.701488834024438642e-12
-2.438063031189319907e-12
-1.596813908686188643e-12
-1.040946536145177861e-12
-7.008333494579600847e-13
-4.663605391268829670e-13
-3.064844134915905800e-13
-2.016671482412178336e-13
-1.328210869127724018e-13
-8.740488360473749764e-14
-3.548279830321252901e-09
-2.362218735825487774e-09
-1.611076223112191883e-09
-1.093305725242275105e-09
-7.324468858585312421e-10
-4.875392816783525149e-10
-3.235423885823992677e-10
-2.140013968968605648e-10
-1.413138751649614973e-10
-9.461068036247446233e-11
-6.345565024128517511e-11
-4.235525676675612653e-11
-2.803129696862638172e-11
-1.848349185935059978e-11
-1.234338994438710128e-11
-8.347306201559543759e-12
-5.584853374228222219e-12
-3.701149759647155951e-12
-2.437832801499783387e-12
-1.596657916470949588e-12
-1.040843042523842648e-12
-7.007626164355815960e-13
-4.663128704439845086e-13
-3.064535759843422689e-13
-2.016484384979030480e-13
-1.328107107243496047e-13
-8.739981348668633524e-14
-3.548189011047311015e-09
-2.362150629251056477e-09
-1.611028962177427736e-09
-1.093275191645998894e-09
-7.324281469347526339e-10
-4.875274272806589341e-10
-3.235335715596487855e-10
-2.139932371305502747e-10
-1.413053958321822753e-10
-9.460213408052514648e-11
-6.344787149251061666e-11
-4.234899742596045354e-11
-2.802688524209690562e-11
-1.848076698778123747e-11
-1.234183577839224854e-11
-8.346419794209354614e-12
-5.584330825222342723e-12
-3.700816517968984574e-12
-2.437607407236470706e-12
-1.596505316817664643e-12
-1.040741726723657041e-12
-7.006932978497984255e-13
-4.662660933106761757e-13
-3.064232697287369126e-13
-2.016300230101502264e-13
-1.328004804806115895e-13
-8.739480068351934906e-14
-3.548107600478602280e-09
-2.362087966068646618e-09
-1.610984516614763785e-09
-1.093246017273918941e-09
-7.324101513825171089e-10
-4.875162012193295870e-10
-3.235254587256831424e-10
-2.139858608173505698e-10
-1.412976972238054515e-10
-9.459426008761495439e-11
-6.344059128889766414e-11
-4.234305375106622243e-11
-2.802264098071875274e-11
-1.847811687624356572e-11
-1.234031437418726198e-11
-8.345551463692490060e-12
-5.583821167497205881e-12
-3.700493576805590441e-12
-2.437389870302825312e-12
-1.596358205458862177e-12
-1.040644031375821725e-12
-7.006264169695348956e-13
-4.662209256839338073e-13
-3.063939808661314948e-13
-2.016122137888192386e-13
-1.327905836988232850e-13
-8.738994983980393655e-14
-3.548034042227821974e-09
-2.362029913492550285e-09
-1.610942440771678793e-09
-1.093217943585259062e-09
-7.323927183725126421e-10
-4.875054477204794515e-10
-3.235178998080480737e-10
-2.139791180129974522e-10
-1.412906329140896236e-10
-9.458692560713069978e-11
-6.343370064124673253e-11
-4.233734566571203426e-11
-2.801851197635130804e-11
-1.847551118165436568e-11
-1.233880895903228743e-11
-8.344691577632727027e-12
-5.583318483005522238e-12
-3.700176945826681906e-12
-2.437177368159547954e-12
-1.596214607553160203e-12
-1.040548604538636062e-12
-7.005610230366451962e-13
-4.661767073557560554e-13
-3.063652670361640459e-13
-2.015947291129518841e-13
-1.327808517761812677e-13
-8.738516726717658602e-14
-3.547968791141422690e-09
-2.361977093393039253e-09
-1.610903278001530421e-09
-1.093191333557602440e-09
-7.323760293807261722e-10
-4.874952243989868518e-10
-3.235108995956764224e-10
-2.139730134496635362e-10
-1.412842339442419040e-10
-9.458018935160746308e-11
-6.342727239122335195e-11
-4.233194351269427382e-11
-2.801455406007271961e-11
-1.847298704151004674e-11
-1.233734133626182208e-11
-8.343852403248110071e-12
-5.582829697639083734e-12
-3.699870858098610087e-12
-2.436972737491586255e-12
-1.596076485830356929e-12
-1.040456798832722505e-12
-7.004980772653618332e-13
-4.661341142160938244e-13
-3.063375868998564903e-13
-2.015778638393953577e-13
-1.327714620797963482e-13
-8.738055200988036681e-14
-3.547910387114987050e-09
-2.361928649896188331e-09
-1.610866549571049754e-09
-1.093165917180621969e-09
-7.323599148168264119e-10
-4.874853997709955858e-10
-3.235043358592090935e-10
-2.139674235037057961e-10
-1.412783756107966796e-10
-9.457393437250613122e-11
-6.342120763055376249e-11
-4.232677272000953672e-11
-2.801071752124021068e-11
-1.847051506866810965e-11
-1.233589514189683371e-11
-8.343024587671622559e-12
-5.582349143853796675e-12
-3.699571545673023712e-12
-2.436773331764749518e-12
-1.595941990973317558e-12
-1.040367346903807657e-12
-7.004366869098714568e-13
-4.660925251029359525e-13
-3.063105234232570683e-13
-2.015613519836138675e-13
-1.327622552923066766e-13
-8.737601546915839450e-14
-3.547859066606407146e-09
-2.361885006044774173e-09
-1.610832678525346922e-09
-1.093142008310952270e-09
-7.323445500140600840e-10
-4.874760396457962935e-10
-3.234982187117462782e-10
-2.139623499411051570e-10
-1.412730791053998132e-10
-9.456820693159016816e-11
-6.341556786223030291e-11
-4.232189541888557161e-11
-2.800705338675305857e-11
-1.846813011635449974e-11
-1.233449118591290956e-11
-8.342219904048981964e-12
-5.581883435018456957e-12
-3.699283002714550377e-12
-2.436581803918331472e-12
-1.595812954194302427e-12
-1.040281511965567563e-12
-7.003777511655304049e-13
-4.660525735515914906e-13
-3.062845073866373007e-13
-2.015454708969590878e-13
-1.327533983902860641e-13
-8.737165094412229079e-14
-3.547813522182096189e-09
-2.361845332097650776e-09
-1.610801177336391723e-09
-1.093119331303658730e-09
-7.323297731945614985e-10
-4.874670309399896199e-10
-3.234924487441543783e-10
-2.139576917341803815e-10
-1.412682392242483459e-10
-9.456290489062372770e-11
-6.341026404421103421e-11
-4.231724273326714626e-11
-2.800351474373244120e-11
-1.846580399610690335e-11
-1.233311365657608610e-11
-8.341429348059460091e-12
-5.581427180459340306e-12
-3.699001691520303012e-12
-2.436395685662631863e-12
-1.595687652838643035e-12
-1.040198112254841187e-12
-7.003204362669935312e-13
-4.660136783426395326e-13
-3.062591478349945087e-13
-2.015299708822598588e-13
-1.327447416971419246e-13
-8.736737513920641876e-14
-3.547773851984026230e-09
-2.361809902011133430e-09
-1.610772366120378400e-09
-1.093098150791960615e-09
-7.323157486184487311e-10
-4.874584446421450103e-10
-3.234870415551095130e-10
-2.139534498293719068e-10
-1.412638699839632006e-10
-9.455806426565024417e-11
-6.340534770999588651e-11
-4.231286917808023961e-11
-2.800014791058517665e-11
-1.846356917315067273e-11
-1.233178225831813215e-11
-8.340664132662314654e-12
-5.580986654368306197e-12
-3.698731361153007369e-12
-2.436217446306057797e-12
-1.595567787275447092e-12
-1.040118321708348305e-12
-7.002655791423354969e-13
-4.659764302064280096e-13
-3.062348471782230057e-13
-2.015151113844539866e-13
-1.327364415303494460e-13
-8.736327544787258881e-14
-3.547738934708894778e-09
-2.361777952006361580e-09
-1.610745772882512905e-09
-1.093078194801144165e-09
-7.323023223977949080e-10
-4.874501825282154857e-10
-3.234819166022013395e-10
-2.139495426418308429e-10
-1.412598836342412797e-10
-9.455359670189031230e-11
-6.340073939869746435e-11
-4.230871169765638724e-11
-2.799690903050139604e-11
-1.846139888158258763e-11
-1.233048186891844743e-11
-8.339915669801238712e-12
-5.580556769452540645e-12
-3.698468712282835358e-12
-2.436044798144440553e-12
-1.595451762639950276e-12
-1.040041045098546813e-12
-7.002124058999880737e-13
-4.659402886875271205e-13
-3.062112412286804137e-13
-2.015006594972888405e-13
-1.327283581777468320e-13
-8.735927407093933073e-14
-3.547708785018941412e-09
-2.361749648987037444e-09
-1.610721633457020444e-09
-1.093059681678936108e-09
-7.322896445189794107e-10
-4.874423178647984980e-10
-3.234770944465899983e-10
-2.139459716721331055e-10
-1.412562891445074016e-10
-9.454952989565023445e-11
-6.339648195923336684e-11
-4.230481780087287690e-11
-2.799383984977317491e-11
-1.845932312459260338e-11
-1.232923098879436977e-11
-8.339194550639747396e-12
-5.580143434745499118e-12
-3.698217242396905580e-12
-2.435880026728603443e-12
-1.595341149035984613e-12
-1.039967367200863132e-12
-7.001616909755031271e-13
-4.659058013020275002e-13
-3.061887035788272505e-13
-2.014868563915552056e-13
-1.327206370504727536e-13
-8.735545234780249179e-14
-3.547682461059232169e-09
-2.361724310145614349e-09
-1.610699503951950995e-09
-1.093042348008961072e-09
-7.322775678261389608e-10
-4.874347634260907440e-10
-3.234725092579678961e-10
-2.139426713906379933e-10
-1.412530139094107966e-10
-9.454578799341271894e-11
-6.339250501346371389e-11
-4.230113022380524185e-11
-2.799089973131797649e-11
-1.845731673158019076e-11
-1.232801529664565895e-11
-8.338492657963811665e-12
-5.579741886150626983e-12
-3.697973895089466602e-12
-2.435721025252186923e-12
-1.595234479330955137e-12
-1.039896279566449473e-12
-7.001127207996233889e-13
-4.658724688969034443e-13
-3.061668973193688799e-13
-2.014734863468204273e-13
-1.327131486601121772e-13
-8.735173813152316031e-14
-3.547659930002179650e-09
-2.361702028758762105e-09
-1.610679553788152948e-09
-1.093026370642592839e-09
-7.322662263138486363e-10
-4.874275921628126641e-10
-3.234681855898789879e-10
-2.139396445962873242e-10
-1.412500634830372055e-10
-9.454239201492488618e-11
-6.338884390081797354e-11
-4.229769006841540698e-11
-2.798812600892820860e-11
-1.845540719081255504e-11
-1.232685200067390953e-11
-8.337819902612466244e-12
-5.579357641482374238e-12
-3.697741908961787282e-12
-2.435569894684384543e-12
-1.595133193504922213e-12
-1.039828777673814400e-12
-7.000662069453356726e-13
-4.658407952879747480e-13
-3.061461667411174369e-13
-2.014607718737175501e-13
-1.327060272541593329e-13
-8.734820655334994919e-14
-3.547640424133484152e-09
-2.361682215861150128e-09
-1.610661380467776679e-09
-1.093011502306932070e-09
-7.322554814223778422e-10
-4.874207263324611824e-10
-3.234640696534612876e-10
-2.139368392438243368e-10
-1.412473784830160940e-10
-9.453927747349491376e-11
-6.338543685960008488e-11
-4.229444582491698487e-11
-2.798548141551479104e-11
-1.845357109348692034e-11
-1.232572769155993382e-11
-8.337168694747736894e-12
-5.578986281867631201e-12
-3.697518476718402805e-12
-2.435424710414713654e-12
-1.595035952632853005e-12
-1.039763940363780722e-12
-7.000214967458317243e-13
-4.658103232167165343e-13
-3.061262027390913237e-13
-2.014485148338758756e-13
-1.326991538259285071e-13
-8.734479127317615640e-14
-3.547623886154912917e-09
-2.361664916456076484e-09
-1.610645102932396326e-09
-1.092997884077970761e-09
-7.322454506550907802e-10
-4.874142364244481531e-10
-3.234601888067607468e-10
-2.139342597163546838e-10
-1.412449622763961234e-10
-9.453646011114325952e-11
-6.338231279560212217e-11
-4.229143277756412505e-11
-2.798299905625421009e-11
-1.845183338405729901e-11
-1.232465821066898512e-11
-8.336548212106267919e-12
-5.578632909583295421e-12
-3.697306571077932987e-12
-2.435287388034799653e-12
-1.594944066746012586e-12
-1.039702673740397628e-12
-6.999792386098467427e-13
-4.657815123823506479e-13
-3.061073198796590272e-13
-2.014369187377911205e-13
-1.326926512319158888e-13
-8.734156107770408643e-14
-3.547609694977267733e-09
-2.361649630562134381e-09
-1.610630362837962177e-09
-1.092985287391581762e-09
-7.322360040399320309e-10
-4.874080521024298400e-10
-3.234564984507208104e-10
-2.139318647641082410e-10
-1.412427666502342739e-10
-9.453388552816436836e-11
-6.337941796026940872e-11
-4.228860502418709011e-11
-2.798064511067956483e-11
-1.845017253915585542e-11
-1.232363114904496174e-11
-8.335951437171029159e-12
-5.578293467295951219e-12
-3.697103637169977299e-12
-2.435156184878998375e-12
-1.594856324713832092e-12
-1.039644143915944598e-12
-6.999388410107393829e-13
-4.657539477881204231e-13
-3.060892372416258396e-13
-2.014258033323046504e-13
-1.326864111483799998e-13
-8.733845555462435198e-14
-3.547597783246508612e-09
-2.361636373247984527e-09
-1.610617241978281923e-09
-1.092973823388205469e-09
-7.322272429227244827e-10
-4.874022396809913270e-10
-3.234530274588388187e-10
-2.139296602845052714e-10
-1.412407936573590956e-10
-9.453156534751709723e-11
-6.337677578415186416e-11
-4.228599258810084889e-11
-2.797844864663421282e-11
-1.844861094535483745e-11
-1.232266091606446671e-11
-8.335386765710432792e-12
-5.577972618216808998e-12
-3.696912374507075080e-12
-2.435032829915272384e-12
-1.594773906485743357e-12
-1.039589167369420352e-12
-6.999008887996202795e-13
-4.657280445600846283e-13
-3.060722392321232775e-13
-2.014153527868342448e-13
-1.326805448149505161e-13
-8.733553701135230059e-14
-3.547587662473037250e-09
-2.361624732909813501e-09
-1.610605431312804903e-09
-1.092963287199491623e-09
-7.322190483399112602e-10
-4.873967361615336601e-10
-3.234497389658641589e-10
-2.139276139876900635e-10
-1.412390046668743946e-10
-9.452945420380491173e-11
-6.337434002031835520e-11
-4.228355505505012867e-11
-2.797637937040827966e-11
-1.844712908821279124e-11
-1.232173619303402104e-11
-8.334847800120179200e-12
-5.577666685508872169e-12
-3.696730485952418603e-12
-2.434915763430112361e-12
-1.594695729024098997e-12
-1.039536997842542635e-12
-6.998648520274414730e-13
-4.657034304261541475e-13
-3.060560735332178484e-13
-2.014054050526189259e-13
-1.326749547992352297e-13
-8.733275108792262039e-14
-3.547579264215951686e-09
-2.361614707451697829e-09
-1.610594986142331147e-09
-1.092953765517498207e-09
-7.322115063687957111e-10
-4.873916023985798641e-10
-3.234466620938916725e-10
-2.139257329847821422e-10
-1.412374010147724252e-10
-9.452756055725989066e-11
-6.337212947695159593e-11
-4.228131771301967714e-11
-2.797446251103957079e-11
-1.844574679857886373e-11
-1.232086990389307439e-11
-8.334342111249440860e-12
-5.577379872015047410e-12
-3.696560391087520661e-12
-2.434806526658353559e-12
-1.594622842135419327e-12
-1.039488362014126215e-12
-6.998312516708943082e-13
-4.656804755549337458e-13
-3.060409940191166234e-13
-2.013961246616680488e-13
-1.326697405263850974e-13
-8.733015349395565256e-14
-3.547572203773465462e-09
-2.361605960620553243e-09
-1.610585643222599232e-09
-1.092945077183787957e-09
-7.322045091404824623e-10
-4.873867817490626897e-10
-3.234437659295553726e-10
-2.139239919784471115e-10
-1.412359519782843482e-10
-9.452584693685208433e-11
-6.337010480825013696e-11
-4.227924543712338019e-11
-2.797267132234643504e-11
-1.844444665637663469e-11
-1.232005188851782199e-11
-8.333863957576343981e-12
-5.577108894714684263e-12
-3.696400053073389071e-12
-2.434703742424875698e-12
-1.594554290376411485e-12
-1.039442601141447801e-12
-6.997996194911432154e-13
-4.656588506618985762e-13
-3.060267772643745302e-13
-2.013873680065784006e-13
-1.326648156145349993e-13
-8.732769601810236685e-14
-3.547566417061429044e-09
-2.361598481646237116e-09
-1.610577439464042183e-09
-1.092937289228244910e-09
-7.321981286119320556e-10
-4.873823286648602478e-10
-3.234410786460013158e-10
-2.139223988351154179e-10
-1.412346585440501826e-10
-9.452431940561782875e-11
-6.336828093737930595e-11
-4.227735925751297846e-11
-2.797102738613213278e-11
-1.844324594686328374e-11
-1.231929353983422829e-11
-8.333420046288276081e-12
-5.576857476161620361e-12
-3.696251604891583688e-12
-2.434608762857446185e-12
-1.594490993133650653e-12
-1.039400351807869058e-12
-6.997704122157408687e-13
-4.656388805552735848e-13
-3.060136462386278117e-13
-2.013792796938308896e-13
-1.326602674839808024e-13
-8.732542765861492268e-14
-3.547561611892394478e-09
-2.361592004939256041e-09
-1.610570158154259002e-09
-1.092930246929875260e-09
-7.321922702134878834e-10
-4.873781935614251226e-10
-3.234385747254116907e-10
-2.139209340904969510e-10
-1.412334967105064140e-10
-9.452294751656390302e-11
-6.336662495021592169e-11
-4.227562919285947849e-11
-2.796950754062203028e-11
-1.844212943379435846e-11
-1.231858592690009485e-11
-8.333005330735202634e-12
-5.576622743045434262e-12
-3.696113274586069978e-12
-2.434520394225201161e-12
-1.594432122819856158e-12
-1.039361043077875487e-12
-6.997432236655634469e-13
-4.656202793055351138e-13
-3.060014067415162964e-13
-2.013717348104988752e-13
-1.326560209684108190e-13
-8.732330645089246992e-14
-3.547557731720602386e-09
-2.361586516474706070e-09
-1.610563823747184761e-09
-1.092924001640692499e-09
-7.321869930186773211e-10
-4.873744238413191133e-10
-3.234362803230314981e-10
-2.139196058375222260e-10
-1.412324673189279078e-10
-9.452173554556493113e-11
-6.336514851954728358e-11
-4.227407244692278152e-11
-2.796812990467047605e-11
-1.844111187564096747e-11
-1.231793887547209160e-11
-8.332625621421120389e-12
-5.576407920216479221e-12
-3.695986902659698401e-12
-2.434439798376530579e-12
-1.594378468210366879e-12
-1.039325221221517767e-12
-6.997184460201899024e-13
-4.656033260285027180e-13
-3.059902505267228906e-13
-2.013648577941553761e-13
-1.326521513220467650e-13
-8.732137458579353565e-14
-3.547554552705889784e-09
-2.361581807154166192e-09
-1.610558259812658452e-09
-1.092918423275348792e-09
-7.321822154562121228e-10
-4.873709764928729708e-10
-3.234341742596446858e-10
-2.139183990895802316e-10
-1.412315518192158036e-10
-9.452065914236605470e-11
-6.336382463649848416e-11
-4.227266397959017103e-11
-2.796687488958745405e-11
-1.844018027511290818e-11
-1.231734473344544014e-11
-8.332276593837250154e-12
-5.576210554218244733e-12
-3.695870983873568147e-12
-2.434365964549546306e-12
-1.594329329075961496e-12
-1.039292402955240749e-12
-6.996957352218035326e-13
-4.655877783284096580e-13
-3.059800128285964199e-13
-2.013585426017912983e-13
-1.326485947126864600e-13
-8.731959641691174900e-14
-3.547552027480255201e-09
-2.361577862943592941e-09
-1.610553482485438457e-09
-1.092913550644690298e-09
-7.321779848781516092e-10
-4.873678914307727058e-10
-3.234322797407051531e-10
-2.139173216141939553e-10
-1.412307509860165509e-10
-9.451972126436171596e-11
-6.336266225112554585e-11
-4.227141754171394342e-11
-2.796575731717744408e-11
-1.843934688456060683e-11
-1.231681172942866975e-11
-8.331963133069760958e-12
-5.576033356612284246e-12
-3.695767060750876142e-12
-2.434299863046133235e-12
-1.594285363266277637e-12
-1.039263043956075103e-12
-6.996754185842574050e-13
-4.655738693033077115e-13
-3.059708538912130954e-13
-2.013528932761328442e-13
-1.326454140793552171e-13
-8.731800723871086202e-14
-3.547549994595986269e-09
-2.361574527370685924e-09
-1.610549355013980911e-09
-1.092909279719863086e-09
-7.321742344708299298e-10
-4.873651331965012986e-10
-3.234305799285761466e-10
-2.139163622824320086e-10
-1.412300509304539081e-10
-9.451890302142744853e-11
-6.336163989031758734e-11
-4.227031290381137312e-11
-2.796476118635037764e-11
-1.843860100799666193e-11
-1.231633354256244017e-11
-8.331681666438471497e-12
-5.575874306322016827e-12
-3.695673898555399715e-12
-2.434240666910187666e-12
-1.594245998175685179e-12
-1.039236748843028439e-12
-6.996572144482422559e-13
-4.655614003730306760e-13
-3.059626386356712189e-13
-2.013478228356305838e-13
-1.326425570494442779e-13
-8.731657779833095153e-14
-3.547548416504565318e-09
-2.361571788211514805e-09
-1.610545887989854000e-09
-1.092905639148314698e-09
-7.321710008875346817e-10
-4.873627339428890716e-10
-3.234290943077083398e-10
-2.139155280180510195e-10
-1.412294523645107144e-10
-9.451820640932002384e-11
-6.336076421390999511e-11
-4.226936068181241388e-11
-2.796389816921536299e-11
-1.843795241457610862e-11
-1.231591678159475080e-11
-8.331436130282580243e-12
-5.575735588706401025e-12
-3.695592737251934646e-12
-2.434189153872343513e-12
-1.594211760503519153e-12
-1.039213882496473730e-12
-6.996413850194090654e-13
-4.655505583635823647e-13
-3.059554955640034126e-13
-2.013434147482309660e-13
-1.326400741278196021e-13
-8.731533642273868922e-14
-3.547547175384837246e-09
-2.361569529499583356e-09
-1.610542977859941627e-09
-1.092902548356323680e-09
-7.321682313463578771e-10
-4.873606653896653740e-10
-3.234278097353081531e-10
-2.139148106598429688e-10
-1.412289451730103745e-10
-9.451761731853682486e-11
-6.336001887889167821e-11
-4.226854528590513658e-11
-2.796315582715875539e-11
-1.843739274055905368e-11
-1.231555648886783692e-11
-8.331223721825934967e-12
-5.575615621746066880e-12
-3.695522613640002592e-12
-2.434144680280752776e-12
-1.594182204814795229e-12
-1.039194137268965085e-12
-6.996277110423727692e-13
-4.655411886114166452e-13
-3.059493194151938034e-13
-2.013396012064284333e-13
-1.326379244776135994e-13
-8.731426029800125573e-14
-3.547546243517789060e-09
-2.361567741720582417e-09
-1.610540631428391423e-09
-1.092900027529271222e-09
-7.321659526231988100e-10
-4.873589517559526907e-10
-3.234267413573065469e-10
-2.139142158310515832e-10
-1.412285299630160870e-10
-9.451713704123947270e-11
-6.335940859132110724e-11
-4.226787445194973484e-11
-2.796254280351927275e-11
-1.843692929201778249e-11
-1.231525763534884131e-11
-8.331047409635137748e-12
-5.575516053839951529e-12
-3.695464461160197870e-12
-2.434107830289132960e-12
-1.594157726362844323e-12
-1.039177787005405726e-12
-6.996163893687292777e-13
-4.655334314323326377e-13
-3.059442067408120509e-13
-2.013364449455937966e-13
-1.326361460664877497e-13
-8.731337072284715178e-14
-3.547545546009340387e-09
-2.361566348312033548e-09
-1.610538778335499657e-09
-1.092898020628582912e-09
-7.321641273694352429e-10
-4.873575729108549771e-10
-3.234258800116935304e-10
-2.139137381140503063e-10
-1.412281999673487073e-10
-9.451675586853361500e-11
-6.335892190576908342e-11
-4.226733714380990605e-11
-2.796205023001473371e-11
-1.843655607806748915e-11
-1.231501666163998849e-11
-8.330905181164856070e-12
-5.575435750918824278e-12
-3.695417591063139296e-12
-2.434078144347406563e-12
-1.594138007196964454e-12
-1.039164612034836945e-12
-6.996072633750614854e-13
-4.655271762904426718e-13
-3.059400822773902826e-13
-2.013338974658686716e-13
-1.326347096801343553e-13
-8.731265137411513065e-14
-3.547545064682990532e-09
-2.361565342850188182e-09
-1.610537422653395008e-09
-1.092896540532996013e-09
-7.321627731005413733e-10
-4.873565450435722301e-10
-3.234252360489407656e-10
-2.139133814693084375e-10
-1.412279556332347557e-10
-9.451647456928435490e-11
-6.335856182393899953e-11
-4.226693841116668293e-11
-2.796168381573278687e-11
-1.843627795928624773e-11
-1.231483688857724107e-11
-8.330799023314395185e-12
-5.575375816470735960e-12
-3.695382627355526296e-12
-2.434056012337259435e-12
-1.594123310952362614e-12
-1.039154795024008605e-12
-6.996004644002674528e-13
-4.655225168300526680e-13
-3.059370104804166221e-13
-2.013320006574669755e-13
-1.326336406740811763e-13
-8.731211647699362578e-14
-3.547544753868457578e-09
-2.361564679193644098e-09
-1.610536521921584104e-09
-1.092895553179195322e-09
-7.321618669040907927e-10
-4.873558557069664567e-10
-3.234248038215035878e-10
-2.139131426684114161e-10
-1.412277930009496539e-10
-9.451628741762434579e-11
-6.335832154166031040e-11
-4.226667165570636626e-11
-2.796143823673328420e-11
-1.843609132884047802e-11
-1.231471616989902280e-11
-8.330727722314759570e-12
-5.575335567243176633e-12
-3.695359155802097284e-12
-2.434041158217279105e-12
-1.594113446722634008e-12
-1.039148204074583696e-12
-6.995958983891561530e-13
-4.655193866596683763e-13
-3.059349461346313648e-13
-2.013307253787076857e-13
-1.326329214927489102e-13
-8.731175622145624838e-14
-3.547544604586009415e-09
-2.361564354121336414e-09
-1.610536078051385831e-09
-1.092895064840472076e-09
-7.321614174375754086e-10
-4.873555130065698293e-10
-3.234245885799127966e-10
-2.139130237559875891e-10
-1.412277123080618193e-10
-9.451619477087291653e-11
-6.335820251915342626e-11
-4.226653936974754831e-11
-2.796131633131553301e-11
-1.843599861377313901e-11
-1.231465616797894202e-11
-8.330692273927224313e-12
-5.575315556326695330e-12
-3.695347488908668151e-12
-2.434033777054168188e-12
-1.594108546359923588e-12
-1.039144930547724238e-12
-6.995936310406795092e-13
-4.655178326307604127e-13
-3.059339214940502408e-13
-2.013300925951201455e-13
-1.326325648277324407e-13
-8.731157772869786270e-14
-3.547544604586011069e-09
-2.361564354121338069e-09
-1.610536078051386865e-09
-1.092895064840472489e-09
-7.321614174375759256e-10
-4.873555130065700361e-10
-3.234245885799129517e-10
-2.139130237559876925e-10
-1.412277123080618710e-10
-9.451619477087289068e-11
-6.335820251915342626e-11
-4.226653936974758708e-11
-2.796131633131554594e-11
-1.843599861377314871e-11
-1.231465616797894364e-11
-8.330692273927232391e-12
-5.575315556326702600e-12
-3.695347488908673805e-12
-2.434033777054173842e-12
-1.594108546359926617e-12
-1.039144930547728882e-12
-6.995936310406819326e-13
-4.655178326307643507e-13
-3.059339214940515535e-13
-2.013300925951225436e-13
-1.326325648277364544e-13
-8.731157772870066473e-14
-3.547544753868460887e-09
-2.361564679193646165e-09
-1.610536521921585138e-09
-1.092895553179196149e-09
-7.321618669040916199e-10
-4.873558557069666635e-10
-3.234248038215038463e-10
-2.139131426684115195e-10
-1.412277930009497056e-10
-9.451628741762429409e-11
-6.335832154166033625e-11
-4.226667165570639211e-11
-2.796143823673328743e-11
-1.843609132884048449e-11
-1.231471616989902603e-11
-8.330727722314759570e-12
-5.575335567243175017e-12
-3.695359155802094861e-12
-2.434041158217274662e-12
-1.594113446722629565e-12
-1.039148204074582888e-12
-6.995958983891593842e-13
-4.655193866596721123e-13
-3.059349461346348484e-13
-2.013307253787144005e-13
-1.326329214927511064e-13
-8.731175622145883584e-14
-3.547545064682995495e-09
-2.361565342850191491e-09
-1.610537422653397076e-09
-1.092896540532997047e-09
-7.321627731005419937e-10
-4.873565450435726437e-10
-3.234252360489408690e-10
-2.139133814693085926e-10
-1.412279556332349367e-10
-9.451647456928438075e-11
-6.335856182393902538e-11
-4.226693841116668293e-11
-2.796168381573276748e-11
-1.843627795928624127e-11
-1.231483688857723138e-11
-8.330799023314393569e-12
-5.575375816470734345e-12
-3.695382627355519026e-12
-2.434056012337254184e-12
-1.594123310952355950e-12
-1.039154795024006182e-12
-6.996004644002690684e-13
-4.655225168300564040e-13
-3.059370104804202066e-13
-2.013320006574678338e-13
-1.326336406740840541e-13
-8.731211647700104738e-14
-3.547545546009344523e-09
-2.361566348312035202e-09
-1.610538778335501105e-09
-1.092898020628584153e-09
-7.321641273694356565e-10
-4.873575729108551839e-10
-3.234258800116937889e-10
-2.139137381140504355e-10
-1.412281999673487849e-10
-9.451675586853365378e-11
-6.335892190576907049e-11
-4.226733714380990605e-11
-2.796205023001472725e-11
-1.843655607806748915e-11
-1.231501666163998526e-11
-8.330905181164847992e-12
-5.575435750918817008e-12
-3.695417591063132834e-12
-2.434078144347399293e-12
-1.594138007196958800e-12
-1.039164612034828463e-12
-6.996072633750632020e-13
-4.655271762904433786e-13
-3.059400822773910904e-13
-2.013338974658715494e-13
-1.326347096801346835e-13
-8.731265137411831133e-14
-3.547546243517791955e-09
-2.361567741720584072e-09
-1.610540631428393077e-09
-1.092900027529271015e-09
-7.321659526231991202e-10
-4.873589517559528975e-10
-3.234267413573065469e-10
-2.139142158310515056e-10
-1.412285299630160611e-10
-9.451713704123942101e-11
-6.335940859132101677e-11
-4.226787445194970252e-11
-2.796254280351924690e-11
-1.843692929201776634e-11
-1.231525763534883162e-11
-8.331047409635132902e-12
-5.575516053839949106e-12
-3.695464461160194639e-12
-2.434107830289129325e-12
-1.594157726362842910e-12
-1.039177787005405524e-12
-6.996163893687333167e-13
-4.655334314323336474e-13
-3.059442067408186647e-13
-2.013364449455940238e-13
-1.326361460664915110e-13
-8.731337072284881785e-14
-3.547547175384838486e-09
-2.361569529499585011e-09
-1.610542977859943281e-09
-1.092902548356324507e-09
-7.321682313463579805e-10
-4.873606653896656842e-10
-3.234278097353081014e-10
-2.139148106598430463e-10
-1.412289451730104521e-10
-9.451761731853677316e-11
-6.336001887889163943e-11
-4.226854528590507196e-11
-2.796315582715871984e-11
-1.843739274055903106e-11
-1.231555648886782561e-11
-8.331223721825922042e-12
-5.575615621746061225e-12
-3.695522613640002592e-12
-2.434144680280750352e-12
-1.594182204814791796e-12
-1.039194137268960239e-12
-6.996277110423837753e-13
-4.655411886114233095e-13
-3.059493194152017298e-13
-2.013396012064383288e-13
-1.326379244776139528e-13
-8.731426029800953562e-14
-3.547548416504564077e-09
-2.361571788211514805e-09
-1.610545887989853586e-09
-1.092905639148314698e-09
-7.321710008875342681e-10
-4.873627339428889682e-10
-3.234290943077083398e-10
-2.139155280180508903e-10
-1.412294523645106369e-10
-9.451820640931998506e-11
-6.336076421390995634e-11
-4.226936068181237511e-11
-2.796389816921535329e-11
-1.843795241457609246e-11
-1.231591678159474918e-11
-8.331436130282581858e-12
-5.575735588706398602e-12
-3.695592737251937877e-12
-2.434189153872344725e-12
-1.594211760503521778e-12
-1.039213882496474740e-12
-6.996413850194158307e-13
-4.655505583635931689e-13
-3.059554955640082089e-13
-2.013434147482398265e-13
-1.326400741278251809e-13
-8.731533642274217282e-14
-3.547549994595988751e-09
-2.361574527370686751e-09
-1.610549355013981531e-09
-1.092909279719863292e-09
-7.321742344708302400e-10
-4.873651331965015054e-10
-3.234305799285762500e-10
-2.139163622824319827e-10
-1.412300509304539339e-10
-9.451890302142747438e-11
-6.336163989031752271e-11
-4.227031290381133434e-11
-2.796476118635035502e-11
-1.843860100799664900e-11
-1.231633354256242402e-11
-8.331681666438461803e-12
-5.575874306322005518e-12
-3.695673898555393253e-12
-2.434240666910181608e-12
-1.594245998175673264e-12
-1.039236748843022381e-12
-6.996572144482392267e-13
-4.655614003730257283e-13
-3.059626386356701587e-13
-2.013478228356278322e-13
-1.326425570494457925e-13
-8.731657779832663489e-14
-3.547552027480258923e-09
-2.361577862943594595e-09
-1.610553482485439698e-09
-1.092913550644690918e-09
-7.321779848781524364e-10
-4.873678914307731193e-10
-3.234322797407051531e-10
-2.139173216141939811e-10
-1.412307509860166284e-10
-9.451972126436163841e-11
-6.336266225112546831e-11
-4.227141754171390464e-11
-2.796575731717741823e-11
-1.843934688456059391e-11
-1.231681172942866329e-11
-8.331963133069757727e-12
-5.576033356612283439e-12
-3.695767060750876142e-12
-2.434299863046133235e-12
-1.594285363266278040e-12
-1.039263043956075708e-12
-6.996754185842522553e-13
-4.655738693033056920e-13
-3.059708538912098138e-13
-2.013528932761273916e-13
-1.326454140793520616e-13
-8.731800723870585118e-14
-3.547554552705891438e-09
-2.361581807154167846e-09
-1.610558259812658245e-09
-1.092918423275348999e-09
-7.321822154562119160e-10
-4.873709764928730742e-10
-3.234341742596445824e-10
-2.139183990895801283e-10
-1.412315518192157778e-10
-9.452065914236602885e-11
-6.336382463649844539e-11
-4.227266397959012580e-11
-2.796687488958744435e-11
-1.844018027511289526e-11
-1.231734473344543368e-11
-8.332276593837245307e-12
-5.576210554218246348e-12
-3.695870983873566531e-12
-2.434365964549545095e-12
-1.594329329075958264e-12
-1.039292402955239941e-12
-6.996957352217932332e-13
-4.655877783284034986e-13
-3.059800128285886449e-13
-2.013585426017853408e-13
-1.326485947126772713e-13
-8.731959641690432740e-14
-3.547557731720604868e-09
-2.361586516474709379e-09
-1.610563823747186002e-09
-1.092924001640692912e-09
-7.321869930186775279e-10
-4.873744238413193201e-10
-3.234362803230316532e-10
-2.139196058375222777e-10
-1.412324673189279078e-10
-9.452173554556484066e-11
-6.336514851954720603e-11
-4.227407244692274921e-11
-2.796812990467045020e-11
-1.844111187564093839e-11
-1.231793887547208352e-11
-8.332625621421139776e-12
-5.576407920216488914e-12
-3.695986902659718595e-12
-2.434439798376555216e-12
-1.594378468210388689e-12
-1.039325221221540992e-12
-6.997184460201837429e-13
-4.656033260284892884e-13
-3.059902505267038569e-13
-2.013648577941379328e-13
-1.326521513220297256e-13
-8.732137458577881866e-14
-3.547561611892395305e-09
-2.361592004939258109e-09
-1.610570158154259623e-09
-1.092930246929874846e-09
-7.321922702134873664e-10
-4.873781935614250192e-10
-3.234385747254116390e-10
-2.139209340904968734e-10
-1.412334967105063882e-10
-9.452294751656379962e-11
-6.336662495021586999e-11
-4.227562919285945910e-11
-2.796950754062200443e-11
-1.844212943379433907e-11
-1.231858592690008192e-11
-8.333005330735199403e-12
-5.576622743045431030e-12
-3.696113274586064324e-12
-2.434520394225198738e-12
-1.594432122819852321e-12
-1.039361043077871649e-12
-6.997432236655598119e-13
-4.656202793055280456e-13
-3.060014067415125099e-13
-2.013717348104930440e-13
-1.326560209684065528e-13
-8.732330645088653769e-14
-3.547566417061428631e-09
-2.361598481646238357e-09
-1.610577439464041770e-09
-1.092937289228244083e-09
-7.321981286119316420e-10
-4.873823286648599376e-10
-3.234410786460013158e-10
-2.139223988351152628e-10
-1.412346585440500792e-10
-9.452431940561768658e-11
-6.336828093737921548e-11
-4.227735925751291383e-11
-2.797102738613207785e-11
-1.844324594686324497e-11
-1.231929353983420567e-11
-8.333420046288269618e-12
-5.576857476161616322e-12
-3.696251604891583688e-12
-2.434608762857446589e-12
-1.594490993133650451e-12
-1.039400351807867038e-12
-6.997704122157397580e-13
-4.656388805552717673e-13
-3.060136462386246815e-13
-2.013792796938290973e-13
-1.326602674839800451e-13
-8.732542765861253717e-14
-3.547572203773467530e-09
-2.361605960620554070e-09
-1.610585643222599232e-09
-1.092945077183787750e-09
-7.322045091404821521e-10
-4.873867817490625863e-10
-3.234437659295553726e-10
-2.139239919784469564e-10
-1.412359519782842190e-10
-9.452584693685199386e-11
-6.337010480825005941e-11
-4.227924543712330264e-11
-2.797267132234640919e-11
-1.844444665637661530e-11
-1.232005188851780422e-11
-8.333863957576337518e-12
-5.577108894714680224e-12
-3.696400053073385840e-12
-2.434703742424873679e-12
-1.594554290376410273e-12
-1.039442601141445983e-12
-6.997996194911435183e-13
-4.656588506618977684e-13
-3.060267772643735709e-13
-2.013873680065796376e-13
-1.326648156145347468e-13
-8.732769601810207655e-14
-3.547579264215952099e-09
-2.361614707451699070e-09
-1.610594986142331147e-09
-1.092953765517498207e-09
-7.322115063687958145e-10
-4.873916023985798641e-10
-3.234466620938915691e-10
-2.139257329847820905e-10
-1.412374010147723735e-10
-9.452756055725983897e-11
-6.337212947695153131e-11
-4.228131771301962544e-11
-2.797446251103953525e-11
-1.844574679857884434e-11
-1.232086990389306146e-11
-8.334342111249439245e-12
-5.577379872015047410e-12
-3.696560391087520661e-12
-2.434806526658353963e-12
-1.594622842135420539e-12
-1.039488362014126215e-12
-6.998312516708926926e-13
-4.656804755549355633e-13
-3.060409940191161690e-13
-2.013961246616671652e-13
-1.326697405263837090e-13
-8.733015349395741960e-14
-3.547587662473036423e-09
-2.361624732909814741e-09
-1.610605431312803663e-09
-1.092963287199491003e-09
-7.322190483399104330e-10
-4.873967361615334533e-10
-3.234497389658640038e-10
-2.139276139876899084e-10
-1.412390046668742395e-10
-9.452945420380475663e-11
-6.337434002031827765e-11
-4.228355505505007051e-11
-2.797637937040822150e-11
-1.844712908821275893e-11
-1.232173619303400327e-11
-8.334847800120175969e-12
-5.577666685508872977e-12
-3.696730485952421027e-12
-2.434915763430111149e-12
-1.594695729024098189e-12
-1.039536997842546674e-12
-6.998648520274418769e-13
-4.657034304261542485e-13
-3.060560735332207262e-13
-2.014054050526180676e-13
-1.326749547992350278e-13
-8.733275108792440006e-14
-3.547597783246508612e-09
-2.361636373247984527e-09
-1.610617241978281096e-09
-1.092973823388204848e-09
-7.322272429227238623e-10
-4.874022396809910168e-10
-3.234530274588386119e-10
-2.139296602845050904e-10
-1.412407936573589664e-10
-9.453156534751698090e-11
-6.337677578415173492e-11
-4.228599258810078427e-11
-2.797844864663416112e-11
-1.844861094535479867e-11
-1.232266091606445055e-11
-8.335386765710429561e-12
-5.577972618216808998e-12
-3.696912374507075080e-12
-2.435032829915272788e-12
-1.594773906485743357e-12
-1.039589167369418332e-12
-6.999008887996205824e-13
-4.657280445600832147e-13
-3.060722392321239843e-13
-2.014153527868355575e-13
-1.326805448149496073e-13
-8.733553701135255303e-14
-3.547609694977267320e-09
-2.361649630562133967e-09
-1.610630362837961350e-09
-1.092985287391580728e-09
-7.322360040399314105e-10
-4.874080521024296332e-10
-3.234564984507206553e-10
-2.139318647641080600e-10
-1.412427666502340930e-10
-9.453388552816425203e-11
-6.337941796026927947e-11
-4.228860502418699964e-11
-2.798064511067950021e-11
-1.845017253915581988e-11
-1.232363114904493913e-11
-8.335951437171027544e-12
-5.578293467295952027e-12
-3.697103637169978107e-12
-2.435156184879001606e-12
-1.594856324713834515e-12
-1.039644143915943184e-12
-6.999388410107393829e-13
-4.657539477881203222e-13
-3.060892372416276067e-13
-2.014258033323075282e-13
-1.326864111483804542e-13
-8.733845555462382186e-14
-3.547623886154910435e-09
-2.361664916456075244e-09
-1.610645102932395085e-09
-1.092997884077969521e-09
-7.322454506550902632e-10
-4.874142364244476361e-10
-3.234601888067604366e-10
-2.139342597163544511e-10
-1.412449622763959167e-10
-9.453646011114307857e-11
-6.338231279560196708e-11
-4.229143277756403458e-11
-2.798299905625413901e-11
-1.845183338405725378e-11
-1.232465821066896250e-11
-8.336548212106264688e-12
-5.578632909583293805e-12
-3.697306571077939450e-12
-2.435287388034803692e-12
-1.594944066746016221e-12
-1.039702673740400455e-12
-6.999792386098468437e-13
-4.657815123823525664e-13
-3.061073198796607437e-13
-2.014369187377948313e-13
-1.326926512319167724e-13
-8.734156107770647195e-14
-3.547640424133482084e-09
-2.361682215861148060e-09
-1.610661380467774404e-09
-1.093011502306930209e-09
-7.322554814223768082e-10
-4.874207263324604586e-10
-3.234640696534609257e-10
-2.139368392438240266e-10
-1.412473784830158614e-10
-9.453927747349468112e-11
-6.338543685959992979e-11
-4.229444582491689440e-11
-2.798548141551472641e-11
-1.845357109348687187e-11
-1.232572769155990797e-11
-8.337168694747732047e-12
-5.578986281867628777e-12
-3.697518476718405229e-12
-2.435424710414713654e-12
-1.595035952632855226e-12
-1.039763940363782337e-12
-7.000214967458258678e-13
-4.658103232167093651e-13
-3.061262027390840536e-13
-2.014485148338735532e-13
-1.326991538259239380e-13
-8.734479127317365729e-14
-3.547659930002175100e-09
-2.361702028758759623e-09
-1.610679553788150260e-09
-1.093026370642590978e-09
-7.322662263138472921e-10
-4.874275921628116301e-10
-3.234681855898784192e-10
-2.139396445962869365e-10
-1.412500634830369470e-10
-9.454239201492464061e-11
-6.338884390081774090e-11
-4.229769006841528419e-11
-2.798812600892811813e-11
-1.845540719081249687e-11
-1.232685200067387722e-11
-8.337819902612453319e-12
-5.579357641482371007e-12
-3.697741908961785667e-12
-2.435569894684384947e-12
-1.595133193504919991e-12
-1.039828777673810967e-12
-7.000662069453356726e-13
-4.658407952879769694e-13
-3.061461667411147611e-13
-2.014607718737191657e-13
-1.327060272541621349e-13
-8.734820655334969675e-14
-3.547682461059228033e-09
-2.361724310145611868e-09
-1.610699503951948927e-09
-1.093042348008959211e-09
-7.322775678261377201e-10
-4.874347634260900202e-10
-3.234725092579674308e-10
-2.139426713906376314e-10
-1.412530139094105381e-10
-9.454578799341253800e-11
-6.339250501346359756e-11
-4.230113022380513199e-11
-2.799089973131790541e-11
-1.845731673158013906e-11
-1.232801529664563956e-11
-8.338492657963811665e-12
-5.579741886150630214e-12
-3.697973895089467409e-12
-2.435721025252188942e-12
-1.595234479330957358e-12
-1.039896279566448665e-12
-7.001127207996225811e-13
-4.658724688969034443e-13
-3.061668973193683751e-13
-2.014734863468207050e-13
-1.327131486601103849e-13
-8.735173813152309721e-14
-3.547708785018938931e-09
-2.361749648987036203e-09
-1.610721633457018583e-09
-1.093059681678934661e-09
-7.322896445189789971e-10
-4.874423178647981878e-10
-3.234770944465896881e-10
-2.139459716721329762e-10
-1.412562891445072724e-10
-9.454952989565007935e-11
-6.339648195923319881e-11
-4.230481780087276704e-11
-2.799383984977309736e-11
-1.845932312459255815e-11
-1.232923098879434553e-11
-8.339194550639739318e-12
-5.580143434745498310e-12
-3.698217242396903964e-12
-2.435880026728603039e-12
-1.595341149035983199e-12
-1.039967367200862123e-12
-7.001616909755031271e-13
-4.659058013020272982e-13
-3.061887035788285632e-13
-2.014868563915527823e-13
-1.327206370504721226e-13
-8.735545234780215100e-14
-3.547738934708893124e-09
-2.361777952006361167e-09
-1.610745772882511458e-09
-1.093078194801142924e-09
-7.323023223977939774e-10
-4.874501825282149687e-10
-3.234819166022011844e-10
-2.139495426418306103e-10
-1.412598836342411246e-10
-9.455359670189011843e-11
-6.340073939869728340e-11
-4.230871169765627091e-11
-2.799690903050130234e-11
-1.846139888158252947e-11
-1.233048186891841673e-11
-8.339915669801225787e-12
-5.580556769452538222e-12
-3.698468712282831319e-12
-2.436044798144438534e-12
-1.595451762639950074e-12
-1.040041045098546005e-12
-7.002124058999843377e-13
-4.659402886875253029e-13
-3.062112412286773845e-13
-2.015006594972859375e-13
-1.327283581777444086e-13
-8.735927407093753844e-14
-3.547773851984022922e-09
-2.361809902011131362e-09
-1.610772366120376125e-09
-1.093098150791958548e-09
-7.323157486184480074e-10
-4.874584446421443899e-10
-3.234870415551089960e-10
-2.139534498293715449e-10
-1.412638699839628904e-10
-9.455806426564993398e-11
-6.340534770999567972e-11
-4.231286917808009097e-11
-2.800014791058507971e-11
-1.846356917315060811e-11
-1.233178225831809984e-11
-8.340664132662300114e-12
-5.580986654368301351e-12
-3.698731361153005753e-12
-2.436217446306059009e-12
-1.595567787275449111e-12
-1.040118321708350728e-12
-7.002655791423311550e-13
-4.659764302064251823e-13
-3.062348471782229552e-13
-2.015151113844501748e-13
-1.327364415303465682e-13
-8.736327544786438466e-14
-3.547813522182092053e-09
-2.361845332097647468e-09
-1.610801177336388414e-09
-1.093119331303656248e-09
-7.323297731945601543e-10
-4.874670309399888961e-10
-3.234924487441538613e-10
-2.139576917341800196e-10
-1.412682392242480874e-10
-9.456290489062345628e-11
-6.341026404421081449e-11
-4.231724273326699762e-11
-2.800351474373233780e-11
-1.846580399610683872e-11
-1.233311365657604571e-11
-8.341429348059450398e-12
-5.581427180459336268e-12
-3.699001691520303012e-12
-2.436395685662633883e-12
-1.595687652838645660e-12
-1.040198112254844822e-12
-7.003204362669899971e-13
-4.660136783426308488e-13
-3.062591478349844113e-13
-2.015299708822559208e-13
-1.327447416971340991e-13
-8.736737513919839131e-14
-3.547859066606399702e-09
-2.361885006044769210e-09
-1.610832678525343614e-09
-1.093142008310950202e-09
-7.323445500140586365e-10
-4.874760396457956731e-10
-3.234982187117458129e-10
-2.139623499411047693e-10
-1.412730791053995547e-10
-9.456820693158989675e-11
-6.341556786223008319e-11
-4.232189541888541651e-11
-2.800705338675295194e-11
-1.846813011635443512e-11
-1.233449118591287079e-11
-8.342219904048969039e-12
-5.581883435018451302e-12
-3.699283002714546338e-12
-2.436581803918328644e-12
-1.595812954194301821e-12
-1.040281511965563323e-12
-7.003777511655289912e-13
-4.660525735515859371e-13
-3.062845073866323529e-13
-2.015454708969601985e-13
-1.327533983902825553e-13
-8.737165094412014509e-14
-3.547910387114979192e-09
-2.361928649896184195e-09
-1.610866549571047065e-09
-1.093165917180620108e-09
-7.323599148168254813e-10
-4.874853997709949655e-10
-3.235043358592087833e-10
-2.139674235037055376e-10
-1.412783756107964728e-10
-9.457393437250585980e-11
-6.342120763055352985e-11
-4.232677272000938162e-11
-2.801071752124011051e-11
-1.847051506866804825e-11
-1.233589514189679332e-11
-8.343024587671604787e-12
-5.582349143853786174e-12
-3.699571545673017250e-12
-2.436773331764745479e-12
-1.595941990973315337e-12
-1.040367346903807253e-12
-7.004366869098700432e-13
-4.660925251029351447e-13
-3.063105234232576236e-13
-2.015613519836142209e-13
-1.327622552923067271e-13
-8.737601546916052758e-14
-3.547968791141416486e-09
-2.361977093393035945e-09
-1.610903278001526699e-09
-1.093191333557600165e-09
-7.323760293807248280e-10
-4.874952243989861280e-10
-3.235108995956758020e-10
-2.139730134496631227e-10
-1.412842339442416197e-10
-9.458018935160720459e-11
-6.342727239122313223e-11
-4.233194351269413164e-11
-2.801455406007263560e-11
-1.847298704151000150e-11
-1.233734133626179138e-11
-8.343852403248089068e-12
-5.582829697639071618e-12
-3.699870858098599586e-12
-2.436972737491579388e-12
-1.596076485830352284e-12
-1.040456798832719274e-12
-7.004980772653627420e-13
-4.661341142160940263e-13
-3.063375868998575001e-13
-2.015778638393967713e-13
-1.327714620797981152e-13
-8.738055200988078333e-14
-3.548034042227817425e-09
-2.362029913492546149e-09
-1.610942440771675071e-09
-1.093217943585256994e-09
-7.323927183725110911e-10
-4.875054477204786243e-10
-3.235178998080475050e-10
-2.139791180129969611e-10
-1.412906329140892876e-10
-9.458692560713044129e-11
-6.343370064124652573e-11
-4.233734566571188563e-11
-2.801851197635119818e-11
-1.847551118165430429e-11
-1.233880895903225189e-11
-8.344691577632707640e-12
-5.583318483005507698e-12
-3.700176945826676252e-12
-2.437177368159540280e-12
-1.596214607553156972e-12
-1.040548604538633032e-12
-7.005610230366474177e-13
-4.661767073557573681e-13
-3.063652670361663178e-13
-2.015947291129525909e-13
-1.327808517761835648e-13
-8.738516726718003177e-14
-3.548107600478596490e-09
-2.362087966068642482e-09
-1.610984516614759649e-09
-1.093246017273916873e-09
-7.324101513825155579e-10
-4.875162012193284496e-10
-3.235254587256824187e-10
-2.139858608173501562e-10
-1.412976972238051154e-10
-9.459426008761468297e-11
-6.344059128889744442e-11
-4.234305375106607379e-11
-2.802264098071865903e-11
-1.847811687624350756e-11
-1.234031437418722482e-11
-8.345551463692467442e-12
-5.583821167497192148e-12
-3.700493576805580747e-12
-2.437389870302817234e-12
-1.596358205458859148e-12
-1.040644031375818696e-12
-7.006264169695344917e-13
-4.662209256839328985e-13
-3.063939808661306871e-13
-2.016122137888188600e-13
-1.327905836988227297e-13
-8.738994983980306565e-14
-3.548189011047304397e-09
-2.362150629251051928e-09
-1.611028962177422772e-09
-1.093275191645995792e-09
-7.324281469347504626e-10
-4.875274272806577967e-10
-3.235335715596479067e-10
-2.139932371305496285e-10
-1.413053958321818875e-10
-9.460213408052478459e-11
-6.344787149251033231e-11
-4.234899742596027260e-11
-2.802688524209680222e-11
-1.848076698778116638e-11
-1.234183577839220976e-11
-8.346419794209327149e-12
-5.584330825222328990e-12
-3.700816517968974881e-12
-2.437607407236465859e-12
-1.596505316817662421e-12
-1.040741726723655022e-12
-7.006932978497979207e-13
-4.662660933106767816e-13
-3.064232697287374175e-13
-2.016300230101517410e-13
-1.328004804806118167e-13
-8.739480068352019472e-14
-3.548279830321245870e-09
-2.362218735825483224e-09
-1.611076223112187954e-09
-1.093305725242272416e-09
-7.324468858585293810e-10
-4.875392816783516877e-10
-3.235423885823986473e-10
-2.140013968968600995e-10
-1.413138751649611613e-10
-9.461068036247416506e-11
-6.345565024128492954e-11
-4.235525676675593912e-11
-2.803129696862626863e-11
-1.848349185935053516e-11
-1.234338994438706412e-11
-8.347306201559517909e-12
-5.584853374228208487e-12
-3.701149759647145450e-12
-2.437832801499778137e-12
-1.596657916470945347e-12
-1.040843042523840629e-12
-7.007626164355801823e-13
-4.663128704439824891e-13
-3.064535759843427738e-13
-2.016484384979023160e-13
-1.328107107243489483e-13
-8.739981348668513617e-14
-3.548379273635715589e-09
-2.362291410068436366e-09
-1.611125622136682928e-09
-1.093337210058097289e-09
-7.324661870382554564e-10
-4.875517176175126757e-10
-3.235519090615470135e-10
-2.140103292485124261e-10
-1.413230909900213749e-10
-9.461982523703336189e-11
-6.346384188450468832e-11
-4.236175263159961125e-11
-2.803581546346076240e-11
-1.848625219553907996e-11
-1.234495419532555856e-11
-8.348197990718160270e-12
-5.585381600588680260e-12
-3.701488834024428948e-12
-2.438063031189315464e-12
-1.596813908686185614e-12
-1.040946536145176448e-12
-7.008333494579626090e-13
-4.663605391268853904e-13
-3.064844134915932054e-13
-2.016671482412197016e-13
-1.328210869127748252e-13
-8.740488360473921420e-14
-3.548488866569011722e-09
-2.362369380506886053e-09
-1.611177535293871932e-09
-1.093369883336720448e-09
-7.324862446371644032e-10
-4.875649202228318241e-10
-3.235623157668699860e-10
-2.140202134742863783e-10
-1.413332130718404083e-10
-9.462971783504300172e-11
-6.347256534546393313e-11
-4.236857017248783065e-11
-2.804049499395791320e-11
-1.848907898007158128e-11
-1.234654553197895350e-11
-8.349104984588550112e-12
-5.585921635509044350e-12
-3.701837939644721735e-12
-2.438301088879535760e-12
-1.596975390474662137e-12
-1.041053641796416462e-12
-7.009065038900896510e-13
-4.664097971975342126e-13
-3.065162488654495395e-13
-2.016864489533453765e-13
-1.328317864644344182e-13
-8.741010953532135355e-14
-3.548607348294312005e-09
-2.362451461744117079e-09
-1.611231144346709359e-09
-1.093403300706479023e-09
-7.325068853906749903e-10
-4.875788550049204349e-10
-3.235736091377596508e-10
-2.140310281216623533e-10
-1.413441798844692437e-10
-9.464026659938466915e-11
-6.348172060631017454e-11
-4.237562088462429775e-11
-2.804526997865558587e-11
-1.849193091062178309e-11
-1.234814053071298735e-11
-8.350014125613378495e-12
-5.586465998622121307e-12
-3.702192375774868464e-12
-2.438543764602573542e-12
-1.597140130879818171e-12
-1.041162825847014765e-12
-7.009809941685359982e-13
-4.664598848233180055e-13
-3.065485688452748317e-13
-2.017060118048807374e-13
-1.328426119441152272e-13
-8.741538117285700640e-14
-3.548736026648955046e-09
-2.362538179473993109e-09
-1.611286717474206475e-09
-1.093437670562652866e-09
-7.325283208528250878e-10
-4.875937423000942712e-10
-3.235860089332743198e-10
-2.140429845470572765e-10
-1.413561857354139241e-10
-9.465163714844731811e-11
-6.349143607151046879e-11
-4.238299436416643554e-11
-2.805019619001320895e-11
-1.849483923758343654e-11
-1.234975621056875532e-11
-8.350935322884430739e-12
-5.587020988317905448e-12
-3.702556529808274017e-12
-2.438794211757178037e-12
-1.597310343709206004e-12
-1.041275601196852057e-12
-7.010578808614130577e-13
-4.665115355200947134e-13
-3.065818628849940677e-13
-2.017261475405451455e-13
-1.328537489823798864e-13
-8.742080146179557269e-14
-3.548872982787506441e-09
-2.362627986822128505e-09
-1.611343296432231422e-09
-1.093472524281135305e-09
-7.325503922413578479e-10
-4.876095587512828108e-10
-3.235995113140569375e-10
-2.140560444672440061e-10
-1.413691466773391034e-10
-9.466371670995830074e-11
-6.350159563794982253e-11
-4.239059215784973343e-11
-2.805520315350226620e-11
-1.849776080379129246e-11
-1.235136851845577236e-11
-8.351855209925411633e-12
-5.587578869786947093e-12
-3.702925463474670047e-12
-2.439049025535863227e-12
-1.597483658235416703e-12
-1.041390340853816780e-12
-7.011360150253425249e-13
-4.665639472627888139e-13
-3.066155906673335722e-13
-2.017465106720197842e-13
-1.328649903543512943e-13
-8.742625491432216903e-14
-3.549019002282099808e-09
-2.362721062488537771e-09
-1.611400983910826660e-09
-1.093508024170136295e-09
-7.325733264068294012e-10
-4.876265612490055844e-10
-3.236143741984901426e-10
-2.140704516537836512e-10
-1.413832810849557217e-10
-9.467668635171770320e-11
-6.351233596140460572e-11
-4.239850719321034123e-11
-2.806034731522588258e-11
-1.850072660027021031e-11
-1.235299419726241290e-11
-8.352783628213290476e-12
-5.588146033315848142e-12
-3.703303716083894405e-12
-2.439311500397562966e-12
-1.597662393395717341e-12
-1.041508629096546235e-12
-7.012165058672281467e-13
-4.666178858478423117e-13
-3.066502621920907119e-13
-2.017674244853352410e-13
-1.328765289824109493e-13
-8.743184837120544855e-14
-3.549171291572511099e-09
-2.362815452012045818e-09
-1.611458687925672449e-09
-1.093543688605620843e-09
-7.325969809393501523e-10
-4.876447310914621937e-10
-3.236305799151187032e-10
-2.140861421288391092e-10
-1.413984760192465510e-10
-9.469040804067117933e-11
-6.352352286173011937e-11
-4.240663039363258220e-11
-2.806555326394899866e-11
-1.850369173615310730e-11
-1.235460865059134450e-11
-8.353706930193211741e-12
-5.588714483471725018e-12
-3.703686095782097927e-12
-2.439578023170697812e-12
-1.597844030224559270e-12
-1.041628740929138373e-12
-7.012981385877236090e-13
-4.666725059097599775e-13
-3.066853096600648438e-13
-2.017885267034692409e-13
-1.328881478066249813e-13
-8.743746093656306290e-14
-3.549329676664928132e-09
-2.362910792319011668e-09
-1.611516263869577293e-09
-1.093579602139781557e-09
-7.326215857414609485e-10
-4.876643556130731952e-10
-3.236484204097199871e-10
-2.141033887572530708e-10
-1.414149709314612488e-10
-9.470507554972240098e-11
-6.353529890483337613e-11
-4.241505621975255911e-11
-2.807087688791586249e-11
-1.850668619100554418e-11
-1.235622792005030082e-11
-8.354634657021529671e-12
-5.589290579206951976e-12
-3.704077227676209302e-12
-2.439851991907668937e-12
-1.598030970478453829e-12
-1.041752318326138603e-12
-7.013820620715936140e-13
-4.667285996405426377e-13
-3.067212598055954712e-13
-2.018101507421247070e-13
-1.329000455659448228e-13
-8.744320246480507029e-14
-3.549490226903262748e-09
-2.363004668643139378e-09
-1.611572483664437342e-09
-1.093615268492439568e-09
-7.326470032536945942e-10
-4.876854035077096181e-10
-3.236678472978035124e-10
-2.141220885286284302e-10
-1.414326148074859783e-10
-9.472052020909266019e-11
-6.354750917436719757e-11
-4.242366395783958250e-11
-2.807623760060266343e-11
-1.850966332907194642e-11
-1.235782685690147548e-11
-8.355552841745817410e-12
-5.589866015144987567e-12
-3.704471623634658019e-12
-2.440129555567820322e-12
-1.598220528997692340e-12
-1.041877528020942947e-12
-7.014669896914235017e-13
-4.667852750461962721e-13
-3.067575156353323635e-13
-2.018319166324391962e-13
-1.329119948568889306e-13
-8.744894635127657677e-14
-3.549651105598221052e-09
-2.363095847704908972e-09
-1.611626793203066378e-09
-1.093650610708820652e-09
-7.326734196484839619e-10
-4.877081636645856174e-10
-3.236891676624837177e-10
-2.141425306237662208e-10
-1.414516591428041973e-10
-9.473694187041585581e-11
-6.356029735837986000e-11
-4.243254630808780575e-11
-2.808168861673600330e-11
-1.851265085198995055e-11
-1.235942007025971417e-11
-8.356470304719997999e-12
-5.590446881124642849e-12
-3.704873859113252318e-12
-2.440414136690074327e-12
-1.598415143250211246e-12
-1.042006041294821170e-12
-7.015540918817070836e-13
-4.668433391857724456e-13
-3.067946133924199247e-13
-2.018541634490384914e-13
-1.329241975247365906e-13
-8.745480384513038724e-14
-3.549806886148152588e-09
-2.363181349517231874e-09
-1.611677780350460706e-09
-1.093685076623430725e-09
-7.327006598952398568e-10
-4.877325535797529510e-10
-3.237122720035700395e-10
-2.141645515743416498e-10
-1.414719011364230299e-10
-9.475413324666888766e-11
-6.357348369557102737e-11
-4.244156908069863418e-11
-2.808714343817287849e-11
-1.851560004805517157e-11
-1.236098163809225469e-11
-8.357372582120601978e-12
-5.591024424800600470e-12
-3.705278053700738029e-12
-2.440701585119139935e-12
-1.598611925187800788e-12
-1.042135895301163671e-12
-7.016419973744112730e-13
-4.669018459693480137e-13
-3.068319226675857069e-13
-2.018764911234332057e-13
-1.329364144162207991e-13
-8.746064180109060183e-14
-3.549952888506127096e-09
-2.363258470284049246e-09
-1.611724146005449668e-09
-1.093718230838404831e-09
-7.327287462402248813e-10
-4.877587878720996559e-10
-3.237374340388368181e-10
-2.141884255376883114e-10
-1.414935836765963898e-10
-9.477228629469693635e-11
-6.358720361561043455e-11
-4.245081711268206436e-11
-2.809264881312369941e-11
-1.851853408372461540e-11
-1.236252340800902690e-11
-8.358266983155985854e-12
-5.591604002581553558e-12
-3.705688460581930987e-12
-2.440995186484973706e-12
-1.598813251943301702e-12
-1.042268733245628193e-12
-7.017318619650635949e-13
-4.669615946816925127e-13
-3.068699752654526486e-13
-2.018992358654939289e-13
-1.329488453428458951e-13
-8.746656979709879451e-14
-3.550081619559511008e-09
-2.363323415588356691e-09
-1.611764134037217746e-09
-1.093749340471893127e-09
-7.327573659078359008e-10
-4.877866569253253451e-10
-3.237644299343771383e-10
-2.142138936381870787e-10
-1.415164306217532674e-10
-9.479114256986172306e-11
-6.360124575195497898e-11
-4.246013933715664379e-11
-2.809811065258814967e-11
-1.852140125510445778e-11
-1.236401809191598101e-11
-8.359138132434251819e-12
-5.592176131132021038e-12
-3.706098622415713429e-12
-2.441290377713296404e-12
-1.599015965012738298e-12
-1.042402423286304588e-12
-7.018222057203297518e-13
-4.670215707998304599e-13
-3.069080990012737360e-13
-2.019219726225338978e-13
-1.329612365313947554e-13
-8.747244646517954387e-14
-3.550183389601276034e-09
-2.363370819735124164e-09
-1.611794987537669404e-09
-1.093777173524228982e-09
-7.327861055032583689e-10
-4.878161314606288086e-10
-3.237933939403807071e-10
-2.142411484020608483e-10
-1.415406340039307113e-10
-9.481085875026317900e-11
-6.361571962952427977e-11
-4.246960161997363219e-11
-2.810356247783472299e-11
-1.852421619261442281e-11
-1.236547240005605965e-11
-8.359990393714364419e-12
-5.592744577674758458e-12
-3.706511962706179663e-12
-2.441590006801000943e-12
-1.599222203224728058e-12
-1.042538475142962545e-12
-7.019141038916427761e-13
-4.670825250060881467e-13
-3.069467963505399645e-13
-2.019450196620477985e-13
-1.329737767298667965e-13
-8.747837436368191596e-14
-3.550248096006955198e-09
-2.363395825001881257e-09
-1.611814432346402783e-09
-1.093800676843182049e-09
-7.328144050144320824e-10
-4.878467955288130683e-10
-3.238239349670825312e-10
-2.142698023437989608e-10
-1.415658248545357099e-10
-9.483111460827698977e-11
-6.363037709042339933e-11
-4.247903379325577308e-11
-2.810890174233956568e-11
-1.852692381391980924e-11
-1.236685742669162737e-11
-8.360807287175890849e-12
-5.593298987109403768e-12
-3.706921354866793968e-12
-2.441889043492001904e-12
-1.599428508187105864e-12
-1.042674572586504930e-12
-7.020059592868391717e-13
-4.671433696688475045e-13
-3.069853509305873567e-13
-2.019679257536569692e-13
-1.329861970145491887e-13
-8.748420373062702021e-14
-3.550258247818242439e-09
-2.363388898712044326e-09
-1.611817373442850192e-09
-1.093817296913680175e-09
-7.328411024326091037e-10
-4.878781890783020875e-10
-3.238559359060059031e-10
-2.142998987563671587e-10
-1.415921028482433298e-10
-9.485200545772013487e-11
-6.364528553760861023e-11
-4.248847299129058697e-11
-2.811414312229426655e-11
-1.852952709535574725e-11
-1.236817300544396188e-11
-8.361589237104778194e-12
-5.593840974975479507e-12
-3.707329076243991175e-12
-2.442189720605539947e-12
-1.599636681269434847e-12
-1.042812036085472727e-12
-7.020987326260693558e-13
-4.672047860571874958e-13
-3.070242233171698615e-13
-2.019909837975282895e-13
-1.329986708647518117e-13
-8.749002783998112675e-14
-3.550207085468074654e-09
-2.363347988006992741e-09
-1.611803525048823554e-09
-1.093827256751485060e-09
-7.328663894682404503e-10
-4.879103132033248120e-10
-3.238892285075567823e-10
-2.143311658089454339e-10
-1.416191598161709004e-10
-9.487324848184696793e-11
-6.366022464964954865e-11
-4.249777179079202737e-11
-2.811920220340355463e-11
-1.853198414700942819e-11
-1.236939894821499471e-11
-8.362325154822818804e-12
-5.594363326641666250e-12
-3.707729779513073053e-12
-2.442488027683800520e-12
-1.599843863244462536e-12
-1.042948905880869529e-12
-7.021910488513423472e-13
-4.672658230289252329e-13
-3.070627801707545198e-13
-2.020137937678341467e-13
-1.330109613673067420e-13
-8.749571733785737552e-14
-3.550083964818599695e-09
-2.363268890802529871e-09
-1.611771696680716348e-09
-1.093830728310277921e-09
-7.328909245172299161e-10
-4.879438892494535680e-10
-3.239244493393554804e-10
-2.143641194052889574e-10
-1.416473859972348128e-10
-9.489511779985622163e-11
-6.367537127540442453e-11
-4.250703411200899604e-11
-2.812413456697919983e-11
-1.853432347579884172e-11
-1.237055159109510843e-11
-8.363026350583690299e-12
-5.594874715631885395e-12
-3.708130215117800047e-12
-2.442788974810366571e-12
-1.600053550705285232e-12
-1.043087524461706094e-12
-7.022845085120856196e-13
-4.673275547686331106e-13
-3.071017186276571467e-13
-2.020367912487487389e-13
-1.330233283594654658e-13
-8.750141775606353659e-14
