-6.554344619999793863e-09
-4.637078311652186150e-09
-3.328089040646599739e-09
-2.369158691240070164e-09
-1.660945309822824667e-09
-1.150958490328343159e-09
-7.892555543700220079e-10
-5.345616000496284131e-10
-3.575177659602780500e-10
-2.393637934333263187e-10
-1.586660242644867732e-10
-1.034234931214860101e-10
-6.599165899279612703e-11
-4.143256933071028812e-11
-2.613724235226989584e-11
-1.662471364263018449e-11
-1.037891120585788523e-11
-6.380489111043343727e-12
-3.891422016433410565e-12
-2.364081458326512924e-12
-1.437177964939697905e-12
-9.180058213636779352e-13
-5.823271785001295283e-13
-3.665981263093509781e-13
-2.327622085387253715e-13
-1.488109038283345146e-13
-9.552214368201574655e-14
-6.878886163918750646e-09
-4.860432348363092142e-09
-3.484044096289779756e-09
-2.476940234435127709e-09
-1.734089585009305231e-09
-1.199912318189237988e-09
-8.216108075740304397e-10
-5.556232125780193453e-10
-3.710052829532879648e-10
-2.479910370838433748e-10
-1.641023925724532560e-10
-1.067661829962217591e-10
-6.798171191320791941e-11
-4.258367121657162928e-11
-2.680003239925430943e-11
-1.700624406384729058e-11
-1.059007833237321807e-11
-6.492904038109095574e-12
-3.949482367132218297e-12
-2.393324694083185996e-12
-1.451655385882470586e-12
-9.257148265803641628e-13
-5.863417221270842894e-13
-3.686375963333508950e-13
-2.338046579087254665e-13
-1.493450516297754573e-13
-9.579487812053116237e-14
-7.218489051995170459e-09
-5.093898636661844911e-09
-3.646931170224651894e-09
-2.589421305294916214e-09
-1.810355969338367572e-09
-1.250911346928439115e-09
-8.552928561942492996e-10
-5.775370716085878726e-10
-3.850348670740815321e-10
-2.569647470709762235e-10
-1.697577646540184605e-10
-1.102443641620134148e-10
-7.005318529262871570e-11
-4.378247685499104268e-11
-2.749071070694983267e-11
-1.740408474639480460e-11
-1.081042420890193872e-11
-6.610280566204565838e-12
-4.010134542320273641e-12
-2.423881928634798691e-12
-1.466785370260095762e-12
-9.337720895770642122e-13
-5.905382770447769839e-13
-3.707700873414089631e-13
-2.348950929887795529e-13
-1.499041295470729223e-13
-9.608058577395931766e-14
-7.576046413425058006e-09
-5.339652904805375442e-09
-3.818295346137923193e-09
-2.707642588051139034e-09
-1.890407804849437343e-09
-1.304359982690572804e-09
-8.905406476263726705e-10
-6.004415966390646067e-10
-3.996863713359374827e-10
-2.663324729880287050e-10
-1.756609819329657765e-10
-1.138757151816950426e-10
-7.221697182506458112e-11
-4.503574353020311926e-11
-2.821353086748687252e-11
-1.782091363773196027e-11
-1.104156609909553207e-11
-6.733544441737445279e-12
-4.073878537899961585e-12
-2.456007705549463083e-12
-1.482691216933118699e-12
-9.422409453207935380e-13
-5.949483722034403558e-13
-3.730108735680203990e-13
-2.360410652987530104e-13
-1.504919887727459723e-13
-9.638130222276020307e-14
-7.950333719919836493e-09
-5.596872522949946080e-09
-3.997436278407314783e-09
-2.830965595805095426e-09
-1.973668633795950615e-09
-1.359761126629278435e-09
-9.269499677337325991e-10
-6.240272038241036398e-10
-4.147357163635569325e-10
-2.759384592928031199e-10
-1.817080336972197144e-10
-1.175936913149418023e-10
-7.443248942680803598e-11
-4.631979224044039903e-11
-2.895492022539862361e-11
-1.824901304693725286e-11
-1.127930228229348159e-11
-6.860494694801013814e-12
-4.139588379888099031e-12
-2.489134067235963870e-12
-1.499088183873487108e-12
-9.509673740271302182e-13
-5.994903764443558171e-13
-3.753177767483298698e-13
-2.372207772496016521e-13
-1.510974450024084685e-13
-9.669138177747879093e-14
-8.352337188663201085e-09
-5.872954903978906231e-09
-4.189194681897557959e-09
-2.962402977116531584e-09
-2.061893976872560538e-09
-1.418072330150109379e-09
-9.650084056770471125e-10
-6.485228878599133572e-10
-4.302806998543321528e-10
-2.858219277393403734e-10
-1.879127555330604103e-10
-1.214021067366732270e-10
-7.670036140388739925e-11
-4.763472482119917372e-11
-2.971512921512634931e-11
-1.868874405658374305e-11
-1.152398104100510891e-11
-6.991389525118991919e-12
-4.207417974955119698e-12
-2.523335893825829483e-12
-1.516005716494919526e-12
-9.599620737372595875e-13
-6.041669202934757838e-13
-3.776906606900002371e-13
-2.384336413577776216e-13
-1.517201347336914292e-13
-9.701074492866108038e-14
-8.796578520034857659e-09
-6.177214012938211595e-09
-4.399318244819521600e-09
-3.105246641122040028e-09
-2.156761185238628899e-09
-1.480009754739588431e-09
-1.004920057075153190e-09
-6.738964400430187497e-10
-4.462073611656628974e-10
-2.958634636460529664e-10
-1.941767136707795038e-10
-1.252292044373974911e-10
-7.897280585210889924e-11
-4.895095280718343389e-11
-3.047653394677980390e-11
-1.912982059457937489e-11
-1.176987463149735473e-11
-7.123165073573628224e-12
-4.275768291008257848e-12
-2.557791270917262758e-12
-1.533024893143035690e-12
-9.689959758577460164e-13
-6.088554598065519969e-13
-3.800656979237996915e-13
-2.396464691217427371e-13
-1.523429537347119300e-13
-9.733073427871832252e-14
-9.323348249014104446e-09
-6.536140835876232661e-09
-4.644973815636387345e-09
-3.270169875832414237e-09
-2.264539172044979840e-09
-1.549055704196789655e-09
-1.048512010234517482e-09
-7.010449136694165668e-10
-4.629240761405231388e-10
-3.062411333655781281e-10
-2.005705361479669059e-10
-1.290982177796772814e-10
-8.125452658086970307e-11
-5.026765319640471158e-11
-3.123756335666136701e-11
-1.957104677273272788e-11
-1.201622752753410029e-11
-7.255371092307663217e-12
-4.344364934397779779e-12
-2.592327126839043108e-12
-1.550036931451607677e-12
-9.780002611019577554e-13
-6.135144212819361446e-13
-3.824190491122600702e-13
-2.408461076498039168e-13
-1.529589884681157076e-13
-9.764794120576004525e-14
-9.991091907934694731e-09
-6.987996352386679872e-09
-4.950851085822850213e-09
-3.472444435280487911e-09
-2.394131661671348449e-09
-1.630098319137875916e-09
-1.098297722706136676e-09
-7.311573753088019049e-10
-4.809339828935302671e-10
-3.171443987499751111e-10
-2.071453871502097788e-10
-1.330059765595963617e-10
-8.352679437154724136e-11
-5.156650259440703760e-11
-3.198467082854923787e-11
-2.000341556847529654e-11
-1.225747010142363754e-11
-7.384750474800312909e-12
-4.411377327681233457e-12
-2.625946792684189595e-12
-1.566513451418794817e-12
-9.866804880281441895e-13
-6.179843696529485752e-13
-3.846670353143511507e-13
-2.419888404469631046e-13
-1.535456244862044526e-13
-9.795087613930578833e-14
-1.090233978811442184e-08
-7.601402746128309882e-09
-5.362323419438482174e-09
-3.740990836562093385e-09
-2.563081491720882700e-09
-1.733296873883423879e-09
-1.159904646731571099e-09
-7.672058258073214470e-10
-5.017345504778427867e-10
-3.293205204472645669e-10
-2.142625696631489088e-10
-1.371185777025983587e-10
-8.586101194021200958e-11
-5.287644860303871354e-11
-3.272949383961032385e-11
-2.043154093644958617e-11
-1.249511911963999693e-11
-7.511580780349277492e-12
-4.476678838798749091e-12
-2.658453172825754611e-12
-1.582296687123564905e-12
-9.949311909893056728e-13
-6.222007889271318882e-13
-3.867728285946909573e-13
-2.430544697184435268e-13
-1.540922220618671362e-13
-9.823420542233019894e-14
-1.217288488646212610e-08
-8.455724922441497438e-09
-5.932891898508692988e-09
-4.110538192607883498e-09
-2.792842758155457478e-09
-1.871299606962361656e-09
-1.240460786472995421e-09
-8.130177500596196186e-10
-5.272843480164283400e-10
-3.437588496822192896e-10
-2.224044449327481768e-10
-1.416580530235480863e-10
-8.835118201411658145e-11
-5.423355669436456500e-11
-3.348465129957324937e-11
-2.085898826766423716e-11
-1.272920962660193807e-11
-7.634891973541255199e-12
-4.539299113428499885e-12
-2.689153268654985883e-12
-1.596965291740007374e-12
-1.002505036779031619e-12
-6.260261831722603333e-13
-3.886634449372022406e-13
-2.440047172351592319e-13
-1.545789145415308373e-13
-9.848777494336778452e-14
-1.394031620552012957e-08
-9.650232123084268245e-09
-6.732274838496809763e-09
-4.628107929248388269e-09
-3.113600930499026781e-09
-2.062610010340814560e-09
-1.350829581765802273e-09
-8.746982340984196453e-10
-5.608780989758920286e-10
-3.622262640296436855e-10
-2.324976928557792810e-10
-1.470938311416327088e-10
-9.122468991678396543e-11
-5.574408744477662460e-11
-3.429995358857602781e-11
-2.130920064337532140e-11
-1.296994030120875254e-11
-7.758678288820919425e-12
-4.600612294555752711e-12
-2.718437699987087987e-12
-1.610597414349298922e-12
-1.009410348405248121e-12
-6.294526122444942913e-13
-3.903306092768719761e-13
-2.448341215404510162e-13
-1.550026260407073080e-13
-9.871003677569355103e-14
-1.626994186045484654e-08
-1.124234061070351867e-08
-7.806175037520462684e-09
-5.327662775524411250e-09
-3.548999748715540679e-09
-2.322731115356920995e-09
-1.500638904638313088e-09
-9.579235491398643373e-10
-6.057075696326628428e-10
-3.864909068726414969e-10
-2.454951586757280706e-10
-1.539196837653801408e-10
-9.472477590064592895e-11
-5.752244360900035905e-11
-3.522855803857427413e-11
-2.180656885589370891e-11
-1.322740955125042710e-11
-7.886552578755192405e-12
-4.661664747311359749e-12
-2.746498743387386660e-12
-1.623174308660685923e-12
-1.015610148989498955e-12
-6.324532429698079825e-13
-3.917590902399020561e-13
-2.455346861275607944e-13
-1.553591632967531015e-13
-9.889873038680884619e-14
-1.916722502976615168e-08
-1.325778304733561468e-08
-9.184462705522616741e-09
-6.236419905106047190e-09
-4.120761619187371898e-09
-2.667367951755723762e-09
-1.700388601683277522e-09
-1.069262203979485241e-09
-6.656557027075236821e-10
-4.187942888569730757e-10
-2.626518773701659964e-10
-1.628120228357453653e-10
-9.919959779620207559e-11
-5.974098893103013381e-11
-3.635543564405450802e-11
-2.239294466126887693e-11
-1.352086518648075149e-11
-8.026700456024931929e-12
-4.725707558136826915e-12
-2.774565489938916773e-12
-1.635161032393806672e-12
-1.021316355815517982e-12
-6.351276426324941323e-13
-3.929967954969067096e-13
-2.461304175549954555e-13
-1.556607113477112771e-13
-9.906000440646558798e-14
-2.247635773404979681e-08
-1.561476956983334894e-08
-1.082692410409272976e-08
-7.337872321631027711e-09
-4.824812966538416025e-09
-3.097753229899917448e-09
-1.952816759979166965e-09
-1.211301735148326429e-09
-7.426416046542612996e-10
-4.604039313061046049e-10
-2.847463049433567446e-10
-1.742199868038320427e-10
-1.048921400784104344e-10
-6.252378593988088367e-11
-3.774239810500456077e-11
-2.309859299404719325e-11
-1.386394670558240105e-11
-8.184719998537068367e-12
-4.794863740115692686e-12
-2.803408279371140507e-12
-1.646848188880584394e-12
-1.026667707699212552e-12
-6.375463051420355265e-13
-3.940807236539908838e-13
-2.466410355899952748e-13
-1.559174942652942409e-13
-9.919887188971229520e-14
-2.599802674003964364e-08
-1.819960424017750279e-08
-1.267217122385856651e-08
-8.602717272349723042e-09
-5.650175250188221391e-09
-3.611848767941671260e-09
-2.259360752346813320e-09
-1.386263477984810102e-09
-8.385847395278060511e-10
-5.126832585183717438e-10
-3.126549715283992606e-10
-1.886668965233581279e-10
-1.120940879784794669e-10
-6.602426071457568740e-11
-3.946837569315399136e-11
-2.396360507723680129e-11
-1.427564519327358185e-11
-8.368962073644579245e-12
-4.872599625034545134e-12
-2.834422628221493522e-12
-1.658808198890865958e-12
-1.031941915254019732e-12
-6.398468022501963390e-13
-3.950796150905271215e-13
-2.471016908619737087e-13
-1.561475006299015371e-13
-9.932439752477633521e-14
-2.943752376745900160e-08
-2.081658480053221501e-08
-1.459529217356713234e-08
-9.955970241788073042e-09
-6.555292079510567752e-09
-4.188441520267342925e-09
-2.610108892985962380e-09
-1.590002667476488045e-09
-9.519950555315928071e-10
-5.751824559399103890e-10
-3.463091197248210244e-10
-2.061977595794014533e-10
-1.208637575808070391e-10
-7.028458066157055855e-11
-4.155831672234969383e-11
-2.500138869552781370e-11
-1.476243643447257451e-11
-8.582264648600056271e-12
-4.960092661966077173e-12
-2.868103758752864573e-12
-1.671268939830716074e-12
-1.037264192591749599e-12
-6.420993190092695958e-13
-3.960323519169766538e-13
-2.475335577524687104e-13
-1.563617861945545272e-13
-9.944200103430656651e-14
-3.258476412515735783e-08
-2.331538088448406170e-08
-1.649566884980621352e-08
-1.133521113481955549e-08
-7.504912441679884297e-09
-4.809565638689435287e-09
-2.996944696662760542e-09
-1.819438204595347217e-09
-1.082035194277252508e-09
-6.478570874363783093e-10
-3.858856849338875977e-10
-2.270006807886054805e-10
-1.313389438568055428e-10
-7.538937780519241339e-11
-4.405974464871916948e-11
-2.623734042777906837e-11
-1.533680409862543482e-11
-8.830271823372445747e-12
-5.059738340517425886e-12
-2.905436255307803969e-12
-1.684642207906534432e-12
-1.042836577365465405e-12
-6.444045923302788620e-13
-3.969893612153175171e-13
-2.479623898364495423e-13
-1.565735003667386169e-13
-9.955829142305864939e-14
-3.524493468762261821e-08
-2.553443737062116781e-08
-1.825137348418037995e-08
-1.265522187635236321e-08
-8.444044749378277398e-09
-5.442371194241394463e-09
-3.401629520300660611e-09
-2.065157594759705758e-09
-1.224171836693015715e-09
-7.285702849472157704e-10
-4.304166073804125163e-10
-2.506615039960050594e-10
-1.433546006181359101e-10
-8.127600341973121996e-11
-4.694813145113935954e-11
-2.766128669702900077e-11
-1.599469789593603145e-11
-9.111468562553154965e-12
-5.171031354653021002e-12
-2.946296352656599176e-12
-1.698927286143220596e-12
-1.048681081163626823e-12
-6.467842457094083328e-13
-3.979659040263212465e-13
-2.483973721481949051e-13
-1.567875636478396588e-13
-9.967559222087270676e-14
-3.736446857644494357e-08
-2.740781558746333047e-08
-1.980284642333148222e-08
-1.386954765591495682e-08
-9.340532789333629114e-09
-6.066951100621106722e-09
-3.813092861704742763e-09
-2.321659105268961155e-09
-1.375988827004392585e-09
-8.163553502200432034e-10
-4.795774213547527851e-10
-2.771122134670638538e-10
-1.569254495699424325e-10
-8.797237205153267385e-11
-5.024460380889807309e-11
-2.928608698124547569e-11
-1.674294289335481971e-11
-9.429073774403907405e-12
-5.295359241278711015e-12
-2.991251445547324962e-12
-1.714356703216234420e-12
-1.054909288736085906e-12
-6.492925865410097243e-13
-3.989885333390164749e-13
-2.488518259470997771e-13
-1.570107079367357315e-13
-9.979728083016282115e-14
-3.892569833592881033e-08
-2.888603066437244386e-08
-2.109331051075648172e-08
-1.492643738422719559e-08
-1.015344718405579783e-08
-6.654466592127307929e-09
-4.212917055443479007e-09
-2.578171335322858366e-09
-1.531659743988884264e-09
-9.081688870680752716e-10
-5.318428042812165269e-10
-3.056252329219945838e-10
-1.717233041822041304e-10
-9.533580944414303130e-11
-5.388589697302613532e-11
-3.108285766978281695e-11
-1.756906541995390399e-11
-9.778068555120166129e-12
-5.430853529185873216e-12
-3.039670190603820179e-12
-1.730738044452267087e-12
-1.061454694834559364e-12
-6.519086691278710227e-13
-4.000514586013977409e-13
-2.493241656563008631e-13
-1.572423415930688302e-13
-9.992292099135364551e-14
-4.000356861038421716e-08
-2.999768628094536447e-08
-2.212593360831850650e-08
-1.581694107659643471e-08
-1.087034776521033432e-08
-7.193919496468368666e-09
-4.593320364669577212e-09
-2.830011650109281664e-09
-1.688739655181076780e-09
-1.002852979202086428e-09
-5.867256909622376282e-10
-3.360301417150915641e-10
-1.877081042732229857e-10
-1.033678562881084588e-10
-5.788078138335345877e-11
-3.305862245055941133e-11
-1.847726795661962767e-11
-1.016053926029903175e-11
-5.578416890866731110e-12
-3.091908117387025489e-12
-1.748206573328099074e-12
-1.068377562620642499e-12
-6.546595798493157625e-13
-4.011669494110968332e-13
-2.498202118144760477e-13
-1.574853262006830228e-13
-1.000539584607257118e-13
-4.067540920592658697e-08
-3.077500819010415569e-08
-2.290480653167422977e-08
-1.652978526460747194e-08
-1.147409262427450722e-08
-7.668665044213945052e-09
-4.941199928945801070e-09
-3.068225941113051720e-09
-1.841750236654408464e-09
-1.097267753550146468e-09
-6.425272126645551687e-10
-3.674600626293269074e-10
-2.044642137854021300e-10
-1.118781670140620324e-10
-6.214163279434657315e-11
-3.517243730820599476e-11
-1.944959306074555505e-11
-1.056919634953417953e-11
-5.735314821541305911e-12
-3.147022330830247831e-12
-1.766457096271922091e-12
-1.075560702126516881e-12
-6.575004096304771449e-13
-4.023174478091185329e-13
-2.503323726583343458e-13
-1.577360126726158803e-13
-1.001884461527713858e-13
-4.104514622833433558e-08
-3.128549799241686325e-08
-2.346901171473314087e-08
-1.708389339001053191e-08
-1.197100574490450734e-08
-8.078725724708613801e-09
-5.254434250446953531e-09
-3.290651974449787802e-09
-1.989205556922045711e-09
-1.190582937217147185e-09
-6.988530789237015285e-10
-3.997612683944128019e-10
-2.219497969089477313e-10
-1.208650980675303201e-10
-6.667539549779644643e-11
-3.743044964973983202e-11
-2.048985228771398380e-11
-1.100594766236311194e-11
-5.902359080374382449e-12
-3.205317447278568979e-12
-1.785595554618606410e-12
-1.083046885554182954e-12
-6.604482095339717083e-13
-4.035097173054249891e-13
-2.508635253530093417e-13
-1.579957448372371549e-13
-1.003270862657005654e-13
-4.119643095298855524e-08
-3.158470283621663983e-08
-2.384997075646745878e-08
-1.749244138339820434e-08
-1.236233461117191383e-08
-8.419334766722815125e-09
-5.526563245561616211e-09
-3.491530752460835511e-09
-2.126920972608486673e-09
-1.280106556646888574e-09
-7.541139948081075459e-10
-4.320633702132036046e-10
-2.397222397454689527e-10
-1.301163865620541108e-10
-7.138130285997225441e-11
-3.978472380061384264e-11
-2.157679241749389531e-11
-1.146213239843765123e-11
-6.076306966697341669e-12
-3.265679539340783027e-12
-1.805260804415841885e-12
-1.090695676420423920e-12
-6.634477000489504225e-13
-4.047212524656395940e-13
-2.514035776502898764e-13
-1.582596167456339455e-13
-1.004673287620919279e-13
-4.120511398432319427e-08
-3.173312411889440514e-08
-2.409119652380630624e-08
-1.778350287116721783e-08
-1.266385244126832138e-08
-8.697901016384152746e-09
-5.760237678438576610e-09
-3.671329497048749673e-09
-2.254664657684604652e-09
-1.365559686902977524e-09
-8.081389843779572740e-10
-4.642954233818540645e-10
-2.577680013678300108e-10
-1.396400484524125523e-10
-7.627005016859603175e-11
-4.224304802537493122e-11
-2.271492492994892823e-11
-1.193993483842957770e-11
-6.258066376519298684e-12
-3.328440109406045592e-12
-1.825563431388453303e-12
-1.098549741155140530e-12
-6.665149304902139819e-13
-4.059579961358022672e-13
-2.519549122862375872e-13
-1.585287166696243506e-13
-1.006097629813180683e-13
-4.112653553503290296e-08
-3.177594544162304542e-08
-2.422516690834109289e-08
-1.797720803544219404e-08
-1.288540329229319174e-08
-8.917127166765250043e-09
-5.954236793704089426e-09
-3.827381348137186042e-09
-2.369806422432599096e-09
-1.444947035070008623e-09
-8.596104804386875452e-10
-4.956719099396110946e-10
-2.756597383547044544e-10
-1.492203458358698492e-10
-8.123569186460559414e-11
-4.475400831959379319e-11
-2.388116789941654172e-11
-1.242990295767640720e-11
-6.444107854223238941e-12
-3.392397493686834513e-12
-1.846118669085990074e-12
-1.106460620682087587e-12
-6.695916624845147264e-13
-4.071961756630243227e-13
-2.525068170455484881e-13
-1.587978413645229495e-13
-1.007517147648654294e-13
-4.100072611885722125e-08
-3.175142370800675955e-08
-2.428417750539258523e-08
-1.809812265797835343e-08
-1.304368667331696853e-08
-9.087023455914689396e-09
-6.113773588826043085e-09
-3.961986490171438313e-09
-2.473180383995405165e-09
-1.518535522304800337e-09
-9.086102165157675837e-10
-5.262282969042755519e-10
-2.934248903568137391e-10
-1.588804877038572130e-10
-8.629492656748588300e-11
-4.732795669263203685e-11
-2.508109063086080493e-11
-1.293463338557218503e-11
-6.635489418455019537e-12
-3.457933456663545640e-12
-1.867052874989824881e-12
-1.114476965055226522e-12
-6.726962761486713669e-13
-4.084427020031819040e-13
-2.530621294847371016e-13
-1.590683119140110551e-13
-1.008938996053824719e-13
-4.085582241373123291e-08
-3.168693056124932015e-08
-2.429143357965668547e-08
-1.816360029311307921e-08
-1.314982101816444071e-08
-9.213261250000081967e-09
-6.240626935982266102e-09
-4.074721098519555677e-09
-2.563519934309821253e-09
-1.585048097006049795e-09
-9.541528865760170755e-10
-5.553111165606881101e-10
-3.106782611590594950e-10
-1.684140816477998149e-10
-9.134234878344800300e-11
-4.991252663667150476e-11
-2.629081916614738947e-11
-1.344427867888459827e-11
-6.828538159963689407e-12
-3.523808679035649570e-12
-1.887975439996574866e-12
-1.122450143463469170e-12
-6.757712085237495107e-13
-4.096742829696195431e-13
-2.536103956398333951e-13
-1.593350701723572192e-13
-1.010337364071852187e-13
-4.070768154922318793e-08
-3.160148635388698612e-08
-2.426592658542479981e-08
-1.819041623957677049e-08
-1.321703721690394580e-08
-9.305110495233649746e-09
-6.340538699082336277e-09
-4.168711150490972768e-09
-2.642322815215365839e-09
-1.645161630490736640e-09
-9.965372056008836550e-10
-5.830572288320163395e-10
-3.274894741753110223e-10
-1.778605763814130999e-10
-9.640102732956695677e-11
-5.252070271581996987e-11
-2.751696221330488670e-11
-1.396182441700609920e-11
-7.024450707802144467e-12
-3.590451851625549421e-12
-1.909028339232954535e-12
-1.130435252430748649e-12
-6.788376397975483874e-13
-4.108991224830849283e-13
-2.541550976033878595e-13
-1.595997677566029255e-13
-1.011721100900930381e-13
-4.056784629149433206e-08
-3.150878240988048504e-08
-2.422124150695098880e-08
-1.819038775000632275e-08
-1.325430978155947426e-08
-9.368329945087703597e-09
-6.416403971895030660e-09
-4.244800128174550138e-09
-2.709298320025913608e-09
-1.698204070273155018e-09
-1.035099304938630621e-09
-6.089604638861432346e-10
-3.435300092578402107e-10
-1.870314100665218639e-10
-1.013702535024561470e-10
-5.510108059732206664e-11
-2.873565392884958234e-11
-1.447733114733338329e-11
-7.219516495453365329e-12
-3.656620199200567841e-12
-1.929825837215315460e-12
-1.138287716435160789e-12
-6.818404446581178973e-13
-4.120951947755892865e-13
-2.546864191060893396e-13
-1.598576776797799156e-13
-1.013066212628857214e-13
-4.044000763404779221e-08
-3.141611031780105446e-08
-2.416659906921261904e-08
-1.817316249827417420e-08
-1.327044518571465569e-08
-9.409998527473709593e-09
-6.473247332052305465e-09
-4.306138272830397534e-09
-2.766197897245608475e-09
-1.745083173289269637e-09
-1.070287335477615172e-09
-6.332373895912369466e-10
-3.589057461298727502e-10
-1.959806054824835542e-10
-1.062787840510040498e-10
-5.766891145323739399e-11
-2.995434830640099835e-11
-1.499408073389646711e-11
-7.415032100880165570e-12
-3.722775203962858001e-12
-1.950520833737009316e-12
-1.146067264038134491e-12
-6.848029035625770596e-13
-4.132717191289716542e-13
-2.552083630249282350e-13
-1.601107194514212626e-13
-1.014382885407483861e-13
-4.032770868761249419e-08
-3.132924307993802983e-08
-2.410889539017876954e-08
-1.814570503455637446e-08
-1.327155234747261257e-08
-9.434713737714482283e-09
-6.513935423837938766e-09
-4.354067294674236924e-09
-2.813307721170564227e-09
-1.785565611106457213e-09
-1.101707196034584083e-09
-6.555221870560733629e-10
-3.733497505299808027e-10
-2.045423953753205546e-10
-1.110335376362126522e-10
-6.017522947399105852e-11
-3.114984029386504560e-11
-1.550229606912876536e-11
-7.607337423311664900e-12
-3.787697710828845553e-12
-1.970740026527003841e-12
-1.153635974940552067e-12
-6.876732483214056698e-13
-4.144082893326974769e-13
-2.557119064941127095e-13
-1.603545691188480143e-13
-1.015649263329088265e-13
-4.022983136906678634e-08
-3.124971012985193631e-08
-2.405165245704750119e-08
-1.811275474213729941e-08
-1.326276071957442438e-08
-9.447218728110492733e-09
-6.542291918475704685e-09
-4.391296631830992415e-09
-2.852325024214313124e-09
-1.820626622649049620e-09
-1.129882690762147280e-09
-6.760823451120101904e-10
-3.869943129611374276e-10
-2.127820992675730670e-10
-1.156676761059981571e-10
-6.263696135562207044e-11
-3.233015640355361919e-11
-1.600543639693739655e-11
-7.797781439221286056e-12
-3.851864634762354440e-12
-1.990641227355853993e-12
-1.161055723552094512e-12
-6.904758064410699415e-13
-4.155146760913923554e-13
-2.562013515531345237e-13
-1.605913019772277750e-13
-1.016876278969983602e-13
-4.014672578491473104e-08
-3.117943371806416055e-08
-2.399793945344951085e-08
-1.807799822892144127e-08
-1.324779423861016170e-08
-9.450726128039098485e-09
-6.560653080211322058e-09
-4.419191803260538841e-09
-2.883798208901609609e-09
-1.850308480685216200e-09
-1.154622196532263418e-09
-6.946724113072187758e-10
-3.996320514929725246e-10
-2.205588651348197345e-10
-1.200976478486255248e-10
-6.500869705060978657e-11
-3.347329420441502183e-11
-1.649410997517717606e-11
-7.982833350380758485e-12
-3.914104251111331777e-12
-2.009869752262387902e-12
-1.168197145442913958e-12
-6.931627272931007689e-13
-4.165722629853157153e-13
-2.566685307229387458e-13
-1.608170217562065220e-13
-1.018044306388446309e-13
-4.007598142120175582e-08
-3.111764360265616297e-08
-2.394846775514523197e-08
-1.804331914739877157e-08
-1.322927917946209325e-08
-9.448095737662855486e-09
-6.571648337919340281e-09
-4.439848906002069041e-09
-2.909192254055048076e-09
-1.875534798618320430e-09
-1.176461350306308605e-09
-7.115818875661539963e-10
-4.114103478072644856e-10
-2.279451865751519392e-10
-1.243594012998328943e-10
-6.730833110219609430e-11
-3.458754730633001542e-11
-1.697182771833854801e-11
-8.163846134140329995e-12
-3.974891606145471268e-12
-2.028582371946987010e-12
-1.175121788746739672e-12
-6.957583272348687417e-13
-4.175908998634489148e-13
-2.571178178786700581e-13
-1.610338450990972165e-13
-1.019164434264141043e-13
-4.001695771429955894e-08
-3.106464952946329298e-08
-2.390438637814798687e-08
-1.801048876067438854e-08
-1.320930700464016687e-08
-9.441383286239808882e-09
-6.576980515993832781e-09
-4.454430714823982865e-09
-2.929112261387699462e-09
-1.896492308405956873e-09
-1.195345266212269494e-09
-7.266601660780740690e-10
-4.221748917967174768e-10
-2.348250527798470293e-10
-1.283799437306322979e-10
-6.949480849382475176e-11
-3.565255886843962961e-11
-1.742977967633258907e-11
-8.337490258135611315e-12
-4.033124244231083388e-12
-2.046448513934812606e-12
-1.181710425922910878e-12
-6.982190805214886477e-13
-4.185538559508606867e-13
-2.575419259738734320e-13
-1.612383100035805868e-13
-1.020219274584758770e-13
-3.996732485111661273e-08
-3.101904804673024863e-08
-2.386524790994187740e-08
-1.797993882026104121e-08
-1.318901029011362317e-08
-9.432145343549131605e-09
-6.578313257389541080e-09
-4.464434478719385611e-09
-2.944722685883821401e-09
-1.913983461048810990e-09
-1.211774976606359291e-09
-7.401940576857006370e-10
-4.320771286698868605e-10
-2.412737361401736347e-10
-1.321962368799405361e-10
-7.158623133582247890e-11
-3.667657466895748821e-11
-1.787140454350890387e-11
-8.505076733429090473e-12
-4.089259356115811067e-12
-2.063618520614949574e-12
-1.188022068004886169e-12
-7.005683539565694268e-13
-4.194706433398031809e-13
-2.579451006170082009e-13
-1.614324743284756186e-13
-1.021219561918769344e-13
-3.992630851027900658e-08
-3.098059440386570719e-08
-2.383134269002656937e-08
-1.795242917558874079e-08
-1.316948479970025888e-08
-9.421615609559367160e-09
-6.576799012009979622e-09
-4.470754130953724861e-09
-2.956574070243111268e-09
-1.928248299261010190e-09
-1.225777431468991092e-09
-7.521021190316577607e-10
-4.410070772475769637e-10
-2.471984640256495027e-10
-1.357461771573127240e-10
-7.354642473820307955e-11
-3.764123637261890163e-11
-1.828864556416476428e-11
-8.663542919632151699e-12
-4.142283988025949823e-12
-2.079790975801663751e-12
-1.193949034369329213e-12
-7.027672851568302647e-13
-4.203264835004520664e-13
-2.583209469123705451e-13
-1.616133108906111659e-13
-1.022150129048402019e-13
-3.989205706607036233e-08
-3.094793013894289509e-08
-2.380188219850060195e-08
-1.792775757672725588e-08
-1.315106570140261629e-08
-9.410541060543084418e-09
-6.573411584155311570e-09
-4.474391470206452314e-09
-2.965534745986533378e-09
-1.939939975330194593e-09
-1.237790893957999630e-09
-7.626499419585282433e-10
-4.491106390656933670e-10
-2.526730490043994254e-10
-1.390659525145705318e-10
-7.539293250448203348e-11
-3.855443227194658458e-11
-1.868475168137944073e-11
-8.814115743523864831e-12
-4.192623255823472095e-12
-2.095105127465109255e-12
-1.199545919277063229e-12
-7.048375065064720624e-13
-4.211302062296661817e-13
-2.586734180066413005e-13
-1.617827371522338212e-13
-1.023020944556701967e-13
-3.986392999936743481e-08
-3.092069581539162268e-08
-2.377682391802903693e-08
-1.790619426055758232e-08
-1.313428857989356670e-08
-9.399625495124206574e-09
-6.568890484951538009e-09
-4.475988513061682633e-09
-2.972055030537191107e-09
-1.949296432658280452e-09
-1.247883154990416212e-09
-7.718025733648060554e-10
-4.563128223516559200e-10
-2.576254288812563985e-10
-1.421041558467272848e-10
-7.709475531492285915e-11
-3.940007219068307441e-11
-1.905256521541972172e-11
-8.954058076950863082e-12
-4.239372145708890680e-12
-2.109293319008287842e-12
-1.204717861143940095e-12
-7.067451154277015712e-13
-4.218690388783249341e-13
-2.589970183747360176e-13
-1.619381597533623151e-13
-1.023819041125622970e-13
-3.984057660524120817e-08
-3.089779191288754141e-08
-2.375539132046688089e-08
-1.788732793054792917e-08
-1.311911377365299031e-08
-9.389157992535660761e-09
-6.563759666807422874e-09
-4.476177847516108434e-09
-2.976749121796037714e-09
-1.956821638405176895e-09
-1.256416824713110924e-09
-7.797922014724974310e-10
-4.627463397738216385e-10
-2.621241631141689426e-10
-1.448945096054964816e-10
-7.866814476093428886e-11
-4.018539366336739457e-11
-1.939503700001023637e-11
-9.084475106277750822e-12
-4.282911345778369790e-12
-2.122479760174824301e-12
-1.209513481128264250e-12
-7.085093725682966221e-13
-4.225508534065775914e-13
-2.592952785772160324e-13
-1.620812915396415478e-13
-1.024553299949250822e-13
-3.982153373400974538e-08
-3.087889973653723359e-08
-2.373744525614047260e-08
-1.787121394834105245e-08
-1.310578188727478579e-08
-9.379522902870154996e-09
-6.558474661442566255e-09
-4.475398015350366846e-09
-2.979959766291188614e-09
-1.962722659736257888e-09
-1.263472699467849084e-09
-7.866121131564178472e-10
-4.683624116741066537e-10
-2.661149803872869757e-10
-1.473957731124547509e-10
-8.008739824752373186e-11
-4.089677268614079278e-11
-1.970602970109039653e-11
-9.203006420906035092e-12
-4.322460231384438734e-12
-2.134434684483052287e-12
-1.213851875145213409e-12
-7.101015982571292257e-13
-4.231649296971794920e-13
-2.595636084350940370e-13
-1.622099720358320591e-13
-1.025212936190509739e-13
-3.980586320057367486e-08
-3.086320396117448660e-08
-2.372234677191688763e-08
-1.785743079606222063e-08
-1.309411255378465898e-08
-9.370776706042259857e-09
-6.553288667303827014e-09
-4.474026942321259592e-09
-2.982101384847907270e-09
-1.967370006132666190e-09
-1.269335616353720457e-09
-7.924543123410911782e-10
-4.732749666395021156e-10
-2.696580047548352287e-10
-1.496376902025556561e-10
-8.136680559650077095e-11
-4.154052930192693471e-11
-1.998809937872580491e-11
-9.310602739145288790e-12
-4.358344606711647379e-12
-2.145264012705064034e-12
-1.217774434938389368e-12
-7.115381775045797790e-13
-4.237179676766026710e-13
-2.598050157983021952e-13
-1.623256604178137538e-13
-1.025805500044611839e-13
-3.979325326633763423e-08
-3.085046526645766012e-08
-2.370995520214763632e-08
-1.784595347951175517e-08
-1.308420105690710069e-08
-9.363120727020929673e-09
-6.548472647761366623e-09
-4.472351734026686500e-09
-2.983420005642330503e-09
-1.970928253854946822e-09
-1.274082080429277342e-09
-7.973266621591709273e-10
-4.774538813903100327e-10
-2.727138505850333825e-10
-1.515884822745525474e-10
-8.248595998577370682e-11
-4.210564317338674590e-11
-2.023622621291157721e-11
-9.405323464551439558e-12
-4.389922363143876591e-12
-2.154779438424646875e-12
-1.221215197377104968e-12
-7.127958802361470762e-13
-4.242013398880856902e-13
-2.600158211204102398e-13
-1.624266284910709842e-13
-1.026322376056964102e-13
-3.978307824899791924e-08
-3.084011545884061666e-08
-2.369979555376605470e-08
-1.783643175234359410e-08
-1.307584615762626496e-08
-9.356512564880332334e-09
-6.544130491292617911e-09
-4.470585470232573254e-09
-2.984182047667193260e-09
-1.973656031068775546e-09
-1.277923263001731026e-09
-8.013781415930073408e-10
-4.809905280289814157e-10
-2.753316927349173410e-10
-1.532726352881730593e-10
-8.345660986550661985e-11
-4.259728535255970907e-11
-2.045248866926187138e-11
-9.487937382029119281e-12
-4.417455840103157240e-12
-2.163065986577052327e-12
-1.224207335904495390e-12
-7.138878267138922354e-13
-4.246204114850424696e-13
-2.601984342209582570e-13
-1.625140451115162843e-13
-1.026769602624777165e-13
-3.977514015455905027e-08
-3.083199192353692485e-08
-2.369175784883857330e-08
-1.782882170582068942e-08
-1.306907758256027091e-08
-9.351052949885824254e-09
-6.540417271388988947e-09
-4.468907388012709108e-09
-2.984553362329734005e-09
-1.975673328789938791e-09
-1.280921593448140029e-09
-8.046216169655564115e-10
-4.838674196443327986e-10
-2.774844455038534000e-10
-1.546671012918724314e-10
-8.426357472627709869e-11
-4.300713001704989801e-11
-2.063305942060798942e-11
-9.556958502449541141e-12
-4.440453058294503782e-12
-2.169979764689995279e-12
-1.226700643095070442e-12
-7.147964245657092765e-13
-4.249686813018664577e-13
-2.603500909182842453e-13
-1.625866141369294239e-13
-1.027140724770806819e-13
-3.976904583263824576e-08
-3.082572688446453051e-08
-2.368552151950746240e-08
-1.782287106215979615e-08
-1.306372993811750368e-08
-9.346675229831329061e-09
-6.537364237093933068e-09
-4.467429533381309538e-09
-2.984694458112511954e-09
-1.977147906286624452e-09
-1.283221190148505976e-09
-8.071626241240576503e-10
-4.861510439128341671e-10
-2.792084763264367833e-10
-1.557900973979653656e-10
-8.491559255511645411e-11
-4.333901086889772144e-11
-2.077947251217970536e-11
-9.612951870778553235e-12
-4.459106204657231420e-12
-2.175582910087400082e-12
-1.228719330932065636e-12
-7.155312419898693070e-13
-4.252500613943193440e-13
-2.604725487627422841e-13
-1.626451878829453117e-13
-1.027440140550840327e-13
-3.976468006422840036e-08
-3.082122160045772172e-08
-2.368101440343732924e-08
-1.781854293897060996e-08
-1.305980779181610077e-08
-9.343426525451078538e-09
-6.535054246751658632e-09
-4.466254905714377363e-09
-2.984706472015533010e-09
-1.978157228100753596e-09
-1.284865420728638998e-09
-8.090127703844654993e-10
-4.878321274833446932e-10
-2.804869274169522483e-10
-1.566266594327729058e-10
-8.540261444378985016e-11
-4.358735213643702937e-11
-2.088914723490937465e-11
-9.654912250659948553e-12
-4.473082289704477800e-12
-2.179778209407084454e-12
-1.230229572772014119e-12
-7.160804686318678469e-13
-4.254602027954602637e-13
-2.605639627108217191e-13
-1.626889022059899291e-13
-1.027663549504336292e-13
-3.976182750217772690e-08
-3.081827085783490543e-08
-2.367805299738249186e-08
-1.781568736471995787e-08
-1.305720594093735894e-08
-9.341254884622698442e-09
-6.533490804378581924e-09
-4.465435671845242440e-09
-2.984673952899652904e-09
-1.978794898096289583e-09
-1.285937755743345687e-09
-8.102348279622557729e-10
-4.889509730320631377e-10
-2.813420996016684151e-10
-1.571880086242739216e-10
-8.573002337011464120e-11
-4.375451097140864157e-11
-2.096302406039013529e-11
-9.683185085810475170e-12
-4.482498547990271710e-12
-2.182603503112902395e-12
-1.231246099554458832e-12
-7.164499223256791351e-13
-4.256014837367096171e-13
-2.606254013078558939e-13
-1.627182752085497829e-13
-1.027813623096120518e-13
-3.976043542860744906e-08
-3.081682838173277711e-08
-2.367660207393477929e-08
-1.781428434876847403e-08
-1.305592291598092577e-08
-9.340178591492667707e-09
-6.532709669729924138e-09
-4.465018559707693138e-09
-2.984644567937059149e-09
-1.979098729681319414e-09
-1.286460275719906254e-09
-8.108354500102256700e-10
-4.895036483976298066e-10
-2.817659296645331960e-10
-1.574667887330341535e-10
-8.589281888192219602e-11
-4.383769272954471036e-11
-2.099980403837016710e-11
-9.697263389846002314e-12
-4.487186976822775943e-12
-2.184009796527563629e-12
-1.231751890766374838e-12
-7.166336731170812065e-13
-4.256717252529631595e-13
-2.606559413489583285e-13
-1.627328748010753289e-13
-1.027888211936205204e-13
-3.976043542860746230e-08
-3.081682838173278373e-08
-2.367660207393479253e-08
-1.781428434876847734e-08
-1.305592291598093073e-08
-9.340178591492669362e-09
-6.532709669729928274e-09
-4.465018559707696447e-09
-2.984644567937060804e-09
-1.979098729681320654e-09
-1.286460275719907495e-09
-8.108354500102256700e-10
-4.895036483976300134e-10
-2.817659296645333511e-10
-1.574667887330341793e-10
-8.589281888192219602e-11
-4.383769272954472329e-11
-2.099980403837017679e-11
-9.697263389846002314e-12
-4.487186976822775135e-12
-2.184009796527564033e-12
-1.231751890766378271e-12
-7.166336731170825192e-13
-4.256717252529655324e-13
-2.606559413489621655e-13
-1.627328748010780048e-13
-1.027888211936214165e-13
-3.976182750217775337e-08
-3.081827085783493190e-08
-2.367805299738250840e-08
-1.781568736471997111e-08
-1.305720594093737052e-08
-9.341254884622705059e-09
-6.533490804378589369e-09
-4.465435671845247403e-09
-2.984673952899656213e-09
-1.978794898096292064e-09
-1.285937755743347962e-09
-8.102348279622567035e-10
-4.889509730320637581e-10
-2.813420996016687253e-10
-1.571880086242740250e-10
-8.573002337011469290e-11
-4.375451097140868034e-11
-2.096302406039016437e-11
-9.683185085810492941e-12
-4.482498547990281403e-12
-2.182603503112901587e-12
-1.231246099554461458e-12
-7.164499223256777215e-13
-4.256014837367058810e-13
-2.606254013078579134e-13
-1.627182752085526354e-13
-1.027813623096120139e-13
-3.976468006422845992e-08
-3.082122160045774819e-08
-2.368101440343735571e-08
-1.781854293897062319e-08
-1.305980779181611069e-08
-9.343426525451086810e-09
-6.535054246751668558e-09
-4.466254905714381499e-09
-2.984706472015535905e-09
-1.978157228100756905e-09
-1.284865420728639618e-09
-8.090127703844661197e-10
-4.878321274833452102e-10
-2.804869274169523517e-10
-1.566266594327730867e-10
-8.540261444378990186e-11
-4.358735213643704230e-11
-2.088914723490939081e-11
-9.654912250659955016e-12
-4.473082289704472953e-12
-2.179778209407087685e-12
-1.230229572772014927e-12
-7.160804686318704722e-13
-4.254602027954591530e-13
-2.605639627108224764e-13
-1.626889022059799327e-13
-1.027663549504343108e-13
-3.976904583263827884e-08
-3.082572688446454375e-08
-2.368552151950748556e-08
-1.782287106215981931e-08
-1.306372993811751360e-08
-9.346675229831343951e-09
-6.537364237093942994e-09
-4.467429533381317810e-09
-2.984694458112516917e-09
-1.977147906286629001e-09
-1.283221190148508871e-09
-8.071626241240588911e-10
-4.861510439128346841e-10
-2.792084763264370935e-10
-1.557900973979655724e-10
-8.491559255511658336e-11
-4.333901086889777960e-11
-2.077947251217973120e-11
-9.612951870778567776e-12
-4.459106204657237882e-12
-2.175582910087400082e-12
-1.228719330932072098e-12
-7.155312419898719323e-13
-4.252500613943209596e-13
-2.604725487627469289e-13
-1.626451878829477098e-13
-1.027440140550863678e-13
-3.977514015455905689e-08
-3.083199192353693147e-08
-2.369175784883857330e-08
-1.782882170582069604e-08
-1.306907758256028084e-08
-9.351052949885830871e-09
-6.540417271388994737e-09
-4.468907388012714898e-09
-2.984553362329738141e-09
-1.975673328789942514e-09
-1.280921593448142924e-09
-8.046216169655579625e-10
-4.838674196443337291e-10
-2.774844455038539170e-10
-1.546671012918725348e-10
-8.426357472627712454e-11
-4.300713001704993033e-11
-2.063305942060801527e-11
-9.556958502449547603e-12
-4.440453058294502167e-12
-2.169979764689997702e-12
-1.226700643095070038e-12
-7.147964245657102863e-13
-4.249686813018653975e-13
-2.603500909182808627e-13
-1.625866141369272277e-13
-1.027140724770828150e-13
-3.978307824899789277e-08
-3.084011545884059019e-08
-2.369979555376604478e-08
-1.783643175234359410e-08
-1.307584615762627158e-08
-9.356512564880338952e-09
-6.544130491292626183e-09
-4.470585470232579045e-09
-2.984182047667198636e-09
-1.973656031068780923e-09
-1.277923263001733508e-09
-8.013781415930086850e-10
-4.809905280289820361e-10
-2.753316927349173410e-10
-1.532726352881731626e-10
-8.345660986550668448e-11
-4.259728535255976077e-11
-2.045248866926189077e-11
-9.487937382029135437e-12
-4.417455840103162087e-12
-2.163065986577053943e-12
-1.224207335904502257e-12
-7.138878267138954666e-13
-4.246204114850389355e-13
-2.601984342209605289e-13
-1.625140451115153756e-13
-1.026769602624769971e-13
-3.979325326633759452e-08
-3.085046526645760718e-08
-2.370995520214758008e-08
-1.784595347951172870e-08
-1.308420105690708910e-08
-9.363120727020924710e-09
-6.548472647761363314e-09
-4.472351734026686500e-09
-2.983420005642330916e-09
-1.970928253854949303e-09
-1.274082080429279410e-09
-7.973266621591718579e-10
-4.774538813903098259e-10
-2.727138505850338995e-10
-1.515884822745525733e-10
-8.248595998577353880e-11
-4.210564317338677175e-11
-2.023622621291157721e-11
-9.405323464551439558e-12
-4.389922363143871744e-12
-2.154779438424646875e-12
-1.221215197377096688e-12
-7.127958802361415226e-13
-4.242013398880813988e-13
-2.600158211204031211e-13
-1.624266284910609120e-13
-1.026322376056854167e-13
-3.980586320057364177e-08
-3.086320396117444690e-08
-2.372234677191687771e-08
-1.785743079606220408e-08
-1.309411255378466063e-08
-9.370776706042253240e-09
-6.553288667303828668e-09
-4.474026942321262073e-09
-2.982101384847911820e-09
-1.967370006132669913e-09
-1.269335616353722525e-09
-7.924543123410932462e-10
-4.732749666395028394e-10
-2.696580047548353321e-10
-1.496376902025556561e-10
-8.136680559650071925e-11
-4.154052930192696056e-11
-1.998809937872580168e-11
-9.310602739145287174e-12
-4.358344606711652226e-12
-2.145264012705066458e-12
-1.217774434938388560e-12
-7.115381775045750332e-13
-4.237179676765910085e-13
-2.598050157982990145e-13
-1.623256604178025709e-13
-1.025805500044588741e-13
-3.982153373400973214e-08
-3.087889973653722035e-08
-2.373744525614045605e-08
-1.787121394834104583e-08
-1.310578188727478745e-08
-9.379522902870154996e-09
-6.558474661442571218e-09
-4.475398015350372636e-09
-2.979959766291193991e-09
-1.962722659736264092e-09
-1.263472699467851565e-09
-7.866121131564193982e-10
-4.683624116741076877e-10
-2.661149803872875443e-10
-1.473957731124549577e-10
-8.008739824752389988e-11
-4.089677268614089617e-11
-1.970602970109045793e-11
-9.203006420906059326e-12
-4.322460231384450044e-12
-2.134434684483055922e-12
-1.213851875145211390e-12
-7.101015982571271052e-13
-4.231649296971758065e-13
-2.595636084350913106e-13
-1.622099720358298629e-13
-1.025212936190487777e-13
-3.984057660524120155e-08
-3.089779191288752818e-08
-2.375539132046685442e-08
-1.788732793054792917e-08
-1.311911377365299031e-08
-9.389157992535667378e-09
-6.563759666807427837e-09
-4.476177847516113397e-09
-2.976749121796042263e-09
-1.956821638405181031e-09
-1.256416824713114233e-09
-7.797922014724997058e-10
-4.627463397738227759e-10
-2.621241631141694079e-10
-1.448945096054965850e-10
-7.866814476093417253e-11
-4.018539366336736226e-11
-1.939503700001025252e-11
-9.084475106277760515e-12
-4.282911345778374636e-12
-2.122479760174830360e-12
-1.209513481128258596e-12
-7.085093725682903617e-13
-4.225508534065694124e-13
-2.592952785772088632e-13
-1.620812915396324854e-13
-1.024553299949162469e-13
-3.986392999936743481e-08
-3.092069581539162268e-08
-2.377682391802900715e-08
-1.790619426055757901e-08
-1.313428857989355842e-08
-9.399625495124206574e-09
-6.568890484951542972e-09
-4.475988513061687596e-09
-2.972055030537193175e-09
-1.949296432658286656e-09
-1.247883154990420555e-09
-7.718025733648084335e-10
-4.563128223516572125e-10
-2.576254288812570189e-10
-1.421041558467276984e-10
-7.709475531492319519e-11
-3.940007219068324243e-11
-1.905256521541979603e-11
-8.954058076950898625e-12
-4.239372145708913299e-12
-2.109293319008298747e-12
-1.204717861143945951e-12
-7.067451154277009653e-13
-4.218690388783251866e-13
-2.589970183747430858e-13
-1.619381597533616587e-13
-1.023819041125752217e-13
-3.989205706607034909e-08
-3.094793013894286862e-08
-2.380188219850056556e-08
-1.792775757672724926e-08
-1.315106570140261629e-08
-9.410541060543084418e-09
-6.573411584155318187e-09
-4.474391470206457278e-09
-2.965534745986540409e-09
-1.939939975330200797e-09
-1.237790893958002318e-09
-7.626499419585293807e-10
-4.491106390656937289e-10
-2.526730490043997356e-10
-1.390659525145706094e-10
-7.539293250448214980e-11
-3.855443227194664274e-11
-1.868475168137947627e-11
-8.814115743523876140e-12
-4.192623255823477750e-12
-2.095105127465109255e-12
-1.199545919277064441e-12
-7.048375065064724663e-13
-4.211302062296667371e-13
-2.586734180066403918e-13
-1.617827371522346794e-13
-1.023020944556707394e-13
-3.992630851027898673e-08
-3.098059440386568072e-08
-2.383134269002655614e-08
-1.795242917558872756e-08
-1.316948479970025888e-08
-9.421615609559368815e-09
-6.576799012009984585e-09
-4.470754130953727342e-09
-2.956574070243115818e-09
-1.928248299261014740e-09
-1.225777431468992746e-09
-7.521021190316590015e-10
-4.410070772475772739e-10
-2.471984640256499163e-10
-1.357461771573129049e-10
-7.354642473820322172e-11
-3.764123637261899857e-11
-1.828864556416482568e-11
-8.663542919632167855e-12
-4.142283988025956285e-12
-2.079790975801669405e-12
-1.193949034369330627e-12
-7.027672851568316783e-13
-4.203264835004487847e-13
-2.583209469123694344e-13
-1.616133108906124280e-13
-1.022150129048411359e-13
-3.996732485111659288e-08
-3.101904804673024863e-08
-2.386524790994186747e-08
-1.797993882026103460e-08
-1.318901029011361820e-08
-9.432145343549129950e-09
-6.578313257389544388e-09
-4.464434478719388092e-09
-2.944722685883823882e-09
-1.913983461048815126e-09
-1.211774976606361772e-09
-7.401940576857027050e-10
-4.320771286698873775e-10
-2.412737361401741517e-10
-1.321962368799406653e-10
-7.158623133582255644e-11
-3.667657466895753344e-11
-1.787140454350894911e-11
-8.505076733429111476e-12
-4.089259356115817529e-12
-2.063618520614953613e-12
-1.188022068004887986e-12
-7.005683539565701337e-13
-4.194706433398045440e-13
-2.579451006170098165e-13
-1.614324743284766788e-13
-1.021219561918780451e-13
-4.001695771429957879e-08
-3.106464952946329298e-08
-2.390438637814797694e-08
-1.801048876067439185e-08
-1.320930700464017018e-08
-9.441383286239817153e-09
-6.576980515993838571e-09
-4.454430714823988655e-09
-2.929112261387702770e-09
-1.896492308405961836e-09
-1.195345266212272389e-09
-7.266601660780760336e-10
-4.221748917967186142e-10
-2.348250527798474429e-10
-1.283799437306324789e-10
-6.949480849382493270e-11
-3.565255886843972008e-11
-1.742977967633263430e-11
-8.337490258135632317e-12
-4.033124244231089043e-12
-2.046448513934815837e-12
-1.181710425922911080e-12
-6.982190805214872341e-13
-4.185538559508616459e-13
-2.575419259738741893e-13
-1.612383100035786935e-13
-1.020219274584759275e-13
-4.007598142120176905e-08
-3.111764360265617620e-08
-2.394846775514522536e-08
-1.804331914739877157e-08
-1.322927917946208994e-08
-9.448095737662858795e-09
-6.571648337919346899e-09
-4.439848906002075658e-09
-2.909192254055054279e-09
-1.875534798618327461e-09
-1.176461350306311914e-09
-7.115818875661561677e-10
-4.114103478072657264e-10
-2.279451865751526888e-10
-1.243594012998331528e-10
-6.730833110219624940e-11
-3.458754730633007359e-11
-1.697182771833857386e-11
-8.163846134140349382e-12
-3.974891606145481769e-12
-2.028582371946992665e-12
-1.175121788746740480e-12
-6.957583272348699534e-13
-4.175908998634485109e-13
-2.571178178786708154e-13
-1.610338450990987311e-13
-1.019164434264147480e-13
-4.014672578491478398e-08
-3.117943371806419364e-08
-2.399793945344951747e-08
-1.807799822892144788e-08
-1.324779423861016336e-08
-9.450726128039103448e-09
-6.560653080211332811e-09
-4.419191803260545459e-09
-2.883798208901617054e-09
-1.850308480685223851e-09
-1.154622196532269208e-09
-6.946724113072219811e-10
-3.996320514929742823e-10
-2.205588651348207944e-10
-1.200976478486260418e-10
-6.500869705060999337e-11
-3.347329420441509938e-11
-1.649410997517724068e-11
-7.982833350380784335e-12
-3.914104251111341470e-12
-2.009869752262390729e-12
-1.168197145442914362e-12
-6.931627272930994563e-13
-4.165722629853156649e-13
-2.566685307229385438e-13
-1.608170217562078852e-13
-1.018044306388439241e-13
-4.022983136906683928e-08
-3.124971012985196940e-08
-2.405165245704750119e-08
-1.811275474213729610e-08
-1.326276071957442769e-08
-9.447218728110496042e-09
-6.542291918475706339e-09
-4.391296631830998206e-09
-2.852325024214318500e-09
-1.820626622649058305e-09
-1.129882690762151002e-09
-6.760823451120137059e-10
-3.869943129611384616e-10
-2.127820992675738425e-10
-1.156676761059982993e-10
-6.263696135562214799e-11
-3.233015640355369028e-11
-1.600543639693742886e-11
-7.797781439221308674e-12
-3.851864634762364134e-12
-1.990641227355862071e-12
-1.161055723552094916e-12
-6.904758064410715571e-13
-4.155146760913950312e-13
-2.562013515531349276e-13
-1.605913019772293401e-13
-1.016876278970006826e-13
-4.032770868761252728e-08
-3.132924307993804306e-08
-2.410889539017877285e-08
-1.814570503455636784e-08
-1.327155234747260926e-08
-9.434713737714482283e-09
-6.513935423837941248e-09
-4.354067294674236097e-09
-2.813307721170566295e-09
-1.785565611106461142e-09
-1.101707196034586151e-09
-6.555221870560742935e-10
-3.733497505299812163e-10
-2.045423953753206838e-10
-1.110335376362125747e-10
-6.017522947399092927e-11
-3.114984029386500037e-11
-1.550229606912876859e-11
-7.607337423311677824e-12
-3.787697710828848784e-12
-1.970740026527007072e-12
-1.153635974940551057e-12
-6.876732483214055688e-13
-4.144082893326957098e-13
-2.557119064941131134e-13
-1.603545691188499328e-13
-1.015649263329117547e-13
-4.044000763404781206e-08
-3.141611031780107431e-08
-2.416659906921260581e-08
-1.817316249827416427e-08
-1.327044518571464742e-08
-9.409998527473707939e-09
-6.473247332052303810e-09
-4.306138272830394226e-09
-2.766197897245610129e-09
-1.745083173289278115e-09
-1.070287335477620549e-09
-6.332373895912393247e-10
-3.589057461298739393e-10
-1.959806054824846657e-10
-1.062787840510042307e-10
-5.766891145323716781e-11
-2.995434830640092080e-11
-1.499408073389647357e-11
-7.415032100880165570e-12
-3.722775203962859617e-12
-1.950520833737012547e-12
-1.146067264038124999e-12
-6.848029035625684768e-13
-4.132717191289646870e-13
-2.552083630249241455e-13
-1.601107194514111904e-13
-1.014382885407420752e-13
-4.056784629149435191e-08
-3.150878240988047842e-08
-2.422124150695098218e-08
-1.819038775000631944e-08
-1.325430978155947757e-08
-9.368329945087708560e-09
-6.416403971895040586e-09
-4.244800128174560891e-09
-2.709298320025921052e-09
-1.698204070273155225e-09
-1.035099304938629794e-09
-6.089604638861422006e-10
-3.435300092578386598e-10
-1.870314100665216571e-10
-1.013702535024558368e-10
-5.510108059732208603e-11
-2.873565392884960819e-11
-1.447733114733339783e-11
-7.219516495453366137e-12
-3.656620199200576727e-12
-1.929825837215320307e-12
-1.138287716435166242e-12
-6.818404446581174934e-13
-4.120951947755933254e-13
-2.546864191060912076e-13
-1.598576776797829196e-13
-1.013066212628908963e-13
-4.070768154922320117e-08
-3.160148635388698612e-08
-2.426592658542479319e-08
-1.819041623957677711e-08
-1.321703721690394746e-08
-9.305110495233653055e-09
-6.340538699082342895e-09
-4.168711150490979386e-09
-2.642322815215372043e-09
-1.645161630490740983e-09
-9.965372056008844822e-10
-5.830572288320165463e-10
-3.274894741753110740e-10
-1.778605763814132033e-10
-9.640102732956677583e-11
-5.252070271581989232e-11
-2.751696221330492547e-11
-1.396182441700612182e-11
-7.024450707802157392e-12
-3.590451851625559114e-12
-1.909028339232960594e-12
-1.130435252430747235e-12
-6.788376397975468727e-13
-4.108991224830857866e-13
-2.541550976033857391e-13
-1.595997677566031022e-13
-1.011721100900922808e-13
-4.085582241373124614e-08
-3.168693056124930691e-08
-2.429143357965666893e-08
-1.816360029311308252e-08
-1.314982101816443740e-08
-9.213261250000072040e-09
-6.240626935982261966e-09
-4.074721098519554022e-09
-2.563519934309825389e-09
-1.585048097006053931e-09
-9.541528865760195571e-10
-5.553111165606884203e-10
-3.106782611590585644e-10
-1.684140816477996598e-10
-9.134234878344782206e-11
-4.991252663667146598e-11
-2.629081916614745409e-11
-1.344427867888461927e-11
-6.828538159963701524e-12
-3.523808679035658051e-12
-1.887975439996570423e-12
-1.122450143463470180e-12
-6.757712085237491068e-13
-4.096742829696189877e-13
-2.536103956398322339e-13
-1.593350701723570425e-13
-1.010337364071851682e-13
-4.100072611885726095e-08
-3.175142370800679264e-08
-2.428417750539258523e-08
-1.809812265797835012e-08
-1.304368667331696687e-08
-9.087023455914689396e-09
-6.113773588826041430e-09
-3.961986490171438313e-09
-2.473180383995408888e-09
-1.518535522304803439e-09
-9.086102165157708924e-10
-5.262282969042765859e-10
-2.934248903568143595e-10
-1.588804877038570062e-10
-8.629492656748594762e-11
-4.732795669263207562e-11
-2.508109063086084694e-11
-1.293463338557221572e-11
-6.635489418455028423e-12
-3.457933456663547660e-12
-1.867052874989826496e-12
-1.114476965055220059e-12
-6.726962761486695494e-13
-4.084427020031803894e-13
-2.530621294847339209e-13
-1.590683119140088589e-13
-1.008938996053803893e-13
-4.112653553503291620e-08
-3.177594544162305866e-08
-2.422516690834109951e-08
-1.797720803544219735e-08
-1.288540329229320497e-08
-8.917127166765251697e-09
-5.954236793704091908e-09
-3.827381348137189351e-09
-2.369806422432603232e-09
-1.444947035070009863e-09
-8.596104804386867180e-10
-4.956719099396103708e-10
-2.756597383547040925e-10
-1.492203458358696682e-10
-8.123569186460542611e-11
-4.475400831959378673e-11
-2.388116789941660958e-11
-1.242990295767644274e-11
-6.444107854223249442e-12
-3.392397493686838956e-12
-1.846118669085988055e-12
-1.106460620682081528e-12
-6.695916624845082640e-13
-4.071961756630196779e-13
-2.525068170455436413e-13
-1.587978413645148211e-13
-1.007517147648606836e-13
-4.120511398432318104e-08
-3.173312411889439853e-08
-2.409119652380631947e-08
-1.778350287116723438e-08
-1.266385244126834123e-08
-8.697901016384172598e-09
-5.760237678438591499e-09
-3.671329497048759599e-09
-2.254664657684611269e-09
-1.365559686902980419e-09
-8.081389843779578944e-10
-4.642954233818547365e-10
-2.577680013678300625e-10
-1.396400484524126815e-10
-7.627005016859587665e-11
-4.224304802537495061e-11
-2.271492492994896054e-11
-1.193993483842959547e-11
-6.258066376519300300e-12
-3.328440109406043572e-12
-1.825563431388449668e-12
-1.098549741155140328e-12
-6.665149304902156985e-13
-4.059579961358052459e-13
-2.519549122862435447e-13
-1.585287166696272284e-13
-1.006097629813191790e-13
-4.119643095298854201e-08
-3.158470283621663983e-08
-2.384997075646742570e-08
-1.749244138339820103e-08
-1.236233461117192045e-08
-8.419334766722815125e-09
-5.526563245561619520e-09
-3.491530752460839233e-09
-2.126920972608487501e-09
-1.280106556646881337e-09
-7.541139948081017556e-10
-4.320633702132019503e-10
-2.397222397454676602e-10
-1.301163865620528700e-10
-7.138130285997178912e-11
-3.978472380061379094e-11
-2.157679241749391147e-11
-1.146213239843765285e-11
-6.076306966697349747e-12
-3.265679539340788682e-12
-1.805260804415849963e-12
-1.090695676420420689e-12
-6.634477000489462826e-13
-4.047212524656366153e-13
-2.514035776502889676e-13
-1.582596167456328853e-13
-1.004673287620927736e-13
-4.104514622833434882e-08
-3.128549799241684339e-08
-2.346901171473310779e-08
-1.708389339001051536e-08
-1.197100574490450404e-08
-8.078725724708625381e-09
-5.254434250446956839e-09
-3.290651974449791524e-09
-1.989205556922045711e-09
-1.190582937217144497e-09
-6.988530789236979096e-10
-3.997612683944096999e-10
-2.219497969089457151e-10
-1.208650980675295963e-10
-6.667539549779608454e-11
-3.743044964973970277e-11
-2.048985228771393856e-11
-1.100594766236310710e-11
-5.902359080374391334e-12
-3.205317447278578269e-12
-1.785595554618618729e-12
-1.083046885554190426e-12
-6.604482095339764541e-13
-4.035097173054313505e-13
-2.508635253530171672e-13
-1.579957448372426327e-13
-1.003270862657071035e-13
-4.067540920592657374e-08
-3.077500819010412922e-08
-2.290480653167420661e-08
-1.652978526460745539e-08
-1.147409262427449398e-08
-7.668665044213936780e-09
-4.941199928945795280e-09
-3.068225941113048411e-09
-1.841750236654406809e-09
-1.097267753550142539e-09
-6.425272126645539279e-10
-3.674600626293258734e-10
-2.044642137854011477e-10
-1.118781670140615283e-10
-6.214163279434626296e-11
-3.517243730820586551e-11
-1.944959306074551951e-11
-1.056919634953417630e-11
-5.735314821541311566e-12
-3.147022330830252678e-12
-1.766457096271924717e-12
-1.075560702126517083e-12
-6.575004096304777508e-13
-4.023174478091175231e-13
-2.503323726583363653e-13
-1.577360126726152240e-13
-1.001884461527734684e-13
-4.000356861038424363e-08
-2.999768628094537109e-08
-2.212593360831848665e-08
-1.581694107659642147e-08
-1.087034776521032605e-08
-7.193919496468370320e-09
-4.593320364669578039e-09
-2.830011650109289109e-09
-1.688739655181075746e-09
-1.002852979202086221e-09
-5.867256909622372146e-10
-3.360301417150914607e-10
-1.877081042732224170e-10
-1.033678562881082779e-10
-5.788078138335328428e-11
-3.305862245055928209e-11
-1.847726795661958890e-11
-1.016053926029902205e-11
-5.578416890866726263e-12
-3.091908117387029528e-12
-1.748206573328102911e-12
-1.068377562620646134e-12
-6.546595798493176810e-13
-4.011669494110985497e-13
-2.498202118144768555e-13
-1.574853262006836539e-13
-1.000539584607264438e-13
-3.892569833592873754e-08
-2.888603066437238430e-08
-2.109331051075643870e-08
-1.492643738422716581e-08
-1.015344718405577798e-08
-6.654466592127296349e-09
-4.212917055443479007e-09
-2.578171335322859193e-09
-1.531659743988884677e-09
-9.081688870680743410e-10
-5.318428042812144590e-10
-3.056252329219938600e-10
-1.717233041822034583e-10
-9.533580944414278573e-11
-5.388589697302594791e-11
-3.108285766978273940e-11
-1.756906541995388783e-11
-9.778068555120161283e-12
-5.430853529185867561e-12
-3.039670190603813312e-12
-1.730738044452264865e-12
-1.061454694834558354e-12
-6.519086691278711236e-13
-4.000514586013982962e-13
-2.493241656563001058e-13
-1.572423415930691584e-13
-9.992292099135362027e-14
-3.736446857644491710e-08
-2.740781558746330069e-08
-1.980284642333140942e-08
-1.386954765591490057e-08
-9.340532789333600989e-09
-6.066951100621087696e-09
-3.813092861704730356e-09
-2.321659105268957433e-09
-1.375988827004389483e-09
-8.163553502200443407e-10
-4.795774213547522681e-10
-2.771122134670630783e-10
-1.569254495699421998e-10
-8.797237205153247998e-11
-5.024460380889803432e-11
-2.928608698124545630e-11
-1.674294289335480032e-11
-9.429073774403896096e-12
-5.295359241278706168e-12
-2.991251445547321731e-12
-1.714356703216235025e-12
-1.054909288736081261e-12
-6.492925865410055843e-13
-3.989885333390155157e-13
-2.488518259471006354e-13
-1.570107079367366908e-13
-9.979728083016101623e-14
-3.524493468762259174e-08
-2.553443737062112810e-08
-1.825137348418037334e-08
-1.265522187635235990e-08
-8.444044749378282361e-09
-5.442371194241393635e-09
-3.401629520300657302e-09
-2.065157594759707413e-09
-1.224171836693016542e-09
-7.285702849472151501e-10
-4.304166073804124129e-10
-2.506615039960043356e-10
-1.433546006181353673e-10
-8.127600341973103901e-11
-4.694813145113926906e-11
-2.766128669702892968e-11
-1.599469789593601853e-11
-9.111468562553148503e-12
-5.171031354653026656e-12
-2.946296352656600791e-12
-1.698927286143219182e-12
-1.048681081163622582e-12
-6.467842457094066162e-13
-3.979659040263173085e-13
-2.483973721481942488e-13
-1.567875636478362004e-13
-9.967559222087208829e-14
-3.258476412515731151e-08
-2.331538088448407825e-08
-1.649566884980625653e-08
-1.133521113481957203e-08
-7.504912441679892569e-09
-4.809565638689446040e-09
-2.996944696662763850e-09
-1.819438204595354662e-09
-1.082035194277258712e-09
-6.478570874363796535e-10
-3.858856849338875460e-10
-2.270006807886063077e-10
-1.313389438568056721e-10
-7.538937780519240047e-11
-4.405974464871913070e-11
-2.623734042777902313e-11
-1.533680409862541544e-11
-8.830271823372442516e-12
-5.059738340517429117e-12
-2.905436255307803162e-12
-1.684642207906541703e-12
-1.042836577365466011e-12
-6.444045923302797708e-13
-3.969893612153193851e-13
-2.479623898364536822e-13
-1.565735003667408888e-13
-9.955829142306177959e-14
-2.943752376745898506e-08
-2.081658480053224148e-08
-1.459529217356721175e-08
-9.955970241788121019e-09
-6.555292079510608284e-09
-4.188441520267364432e-09
-2.610108892985976442e-09
-1.590002667476498591e-09
-9.519950555315990110e-10
-5.751824559399125603e-10
-3.463091197248224720e-10
-2.061977595794021512e-10
-1.208637575808071425e-10
-7.028458066157053270e-11
-4.155831672234966152e-11
-2.500138869552777170e-11
-1.476243643447256158e-11
-8.582264648600044962e-12
-4.960092661966070711e-12
-2.868103758752854476e-12
-1.671268939830717286e-12
-1.037264192591736674e-12
-6.420993190092592965e-13
-3.960323519169697875e-13
-2.475335577524598752e-13
-1.563617861945489988e-13
-9.944200103430248968e-14
-2.599802674003970320e-08
-1.819960424017753919e-08
-1.267217122385855989e-08
-8.602717272349737931e-09
-5.650175250188232971e-09
-3.611848767941674155e-09
-2.259360752346819111e-09
-1.386263477984811757e-09
-8.385847395278067749e-10
-5.126832585183733982e-10
-3.126549715283996225e-10
-1.886668965233583088e-10
-1.120940879784794022e-10
-6.602426071457564862e-11
-3.946837569315392027e-11
-2.396360507723676251e-11
-1.427564519327356246e-11
-8.368962073644572783e-12
-4.872599625034536248e-12
-2.834422628221491099e-12
-1.658808198890867169e-12
-1.031941915254013674e-12
-6.398468022501897757e-13
-3.950796150905231330e-13
-2.471016908619722950e-13
-1.561475006299016128e-13
-9.932439752477605753e-14
-2.247635773404985306e-08
-1.561476956983340850e-08
-1.082692410409274961e-08
-7.337872321631047563e-09
-4.824812966538430087e-09
-3.097753229899927788e-09
-1.952816759979173169e-09
-1.211301735148329531e-09
-7.426416046542635743e-10
-4.604039313061061042e-10
-2.847463049433568480e-10
-1.742199868038318876e-10
-1.048921400784102405e-10
-6.252378593988071564e-11
-3.774239810500445737e-11
-2.309859299404714478e-11
-1.386394670558237520e-11
-8.184719998537042517e-12
-4.794863740115682992e-12
-2.803408279371138084e-12
-1.646848188880578134e-12
-1.026667707699206696e-12
-6.375463051420329011e-13
-3.940807236539896722e-13
-2.466410355899942650e-13
-1.559174942652937360e-13
-9.919887188971387292e-14
-1.916722502976619469e-08
-1.325778304733566431e-08
-9.184462705522598543e-09
-6.236419905106035609e-09
-4.120761619187366935e-09
-2.667367951755724176e-09
-1.700388601683278556e-09
-1.069262203979485448e-09
-6.656557027075232685e-10
-4.187942888569731791e-10
-2.626518773701657896e-10
-1.628120228357452878e-10
-9.919959779620186880e-11
-5.974098893102995286e-11
-3.635543564405437878e-11
-2.239294466126883493e-11
-1.352086518648077573e-11
-8.026700456024904464e-12
-4.725707558136835800e-12
-2.774565489938908695e-12
-1.635161032393800614e-12
-1.021316355815505663e-12
-6.351276426324911030e-13
-3.929967954969063057e-13
-2.461304175549900029e-13
-1.556607113477117567e-13
-9.906000440646746862e-14
-1.626994186045486308e-08
-1.124234061070352032e-08
-7.806175037520459375e-09
-5.327662775524412905e-09
-3.548999748715543161e-09
-2.322731115356921409e-09
-1.500638904638313501e-09
-9.579235491398641305e-10
-6.057075696326630496e-10
-3.864909068726412384e-10
-2.454951586757275537e-10
-1.539196837653798823e-10
-9.472477590064550244e-11
-5.752244360899999716e-11
-3.522855803857408672e-11
-2.180656885589360551e-11
-1.322740955125037217e-11
-7.886552578755132628e-12
-4.661664747311343593e-12
-2.746498743387376158e-12
-1.623174308660673806e-12
-1.015610148989498349e-12
-6.324532429698066698e-13
-3.917590902399036212e-13
-2.455346861275622080e-13
-1.553591632967554491e-13
-9.889873038681020934e-14
-1.394031620552016265e-08
-9.650232123084288098e-09
-6.732274838496808109e-09
-4.628107929248395714e-09
-3.113600930499028022e-09
-2.062610010340814974e-09
-1.350829581765803100e-09
-8.746982340984197487e-10
-5.608780989758917184e-10
-3.622262640296431168e-10
-2.324976928557783763e-10
-1.470938311416321659e-10
-9.122468991678356476e-11
-5.574408744477627563e-11
-3.429995358857582747e-11
-2.130920064337524062e-11
-1.296994030120871700e-11
-7.758678288820870957e-12
-4.600612294555720399e-12
-2.718437699987062541e-12
-1.610597414349288017e-12
-1.009410348405253978e-12
-6.294526122444962098e-13
-3.903306092768757627e-13
-2.448341215404516221e-13
-1.550026260407089741e-13
-9.871003677569371512e-14
-1.217288488646219393e-08
-8.455724922441527216e-09
-5.932891898508677271e-09
-4.110538192607877707e-09
-2.792842758155452515e-09
-1.871299606962357934e-09
-1.240460786472994180e-09
-8.130177500596182744e-10
-5.272843480164277196e-10
-3.437588496822178420e-10
-2.224044449327472979e-10
-1.416580530235473367e-10
-8.835118201411593521e-11
-5.423355669436409972e-11
-3.348465129957302319e-11
-2.085898826766417577e-11
-1.272920962660185083e-11
-7.634891973541221272e-12
-4.539299113428471612e-12
-2.689153268654964880e-12
-1.596965291739989602e-12
-1.002505036779022330e-12
-6.260261831722509427e-13
-3.886634449371970909e-13
-2.440047172351539308e-13
-1.545789145415242740e-13
-9.848777494336479316e-14
-1.090233978811445162e-08
-7.601402746128316500e-09
-5.362323419438479692e-09
-3.740990836562091730e-09
-2.563081491720879805e-09
-1.733296873883421811e-09
-1.159904646731569445e-09
-7.672058258073208266e-10
-5.017345504778422698e-10
-3.293205204472633778e-10
-2.142625696631479265e-10
-1.371185777025978934e-10
-8.586101194021151844e-11
-5.287644860303848090e-11
-3.272949383961007182e-11
-2.043154093644954094e-11
-1.249511911963999370e-11
-7.511580780349264567e-12
-4.476678838798738589e-12
-2.658453172825746936e-12
-1.582296687123570762e-12
-9.949311909893123371e-13
-6.222007889271304745e-13
-3.867728285946941380e-13
-2.430544697184464551e-13
-1.540922220618676664e-13
-9.823420542233113296e-14
-9.991091907934712929e-09
-6.987996352386684008e-09
-4.950851085822856004e-09
-3.472444435280489565e-09
-2.394131661671347622e-09
-1.630098319137874675e-09
-1.098297722706134608e-09
-7.311573753087993200e-10
-4.809339828935284060e-10
-3.171443987499734051e-10
-2.071453871502084864e-10
-1.330059765595954311e-10
-8.352679437154654343e-11
-5.156650259440657878e-11
-3.198467082854888891e-11
-2.000341556847514144e-11
-1.225747010142352122e-11
-7.384750474800233745e-12
-4.411377327681178527e-12
-2.625946792684154052e-12
-1.566513451418778257e-12
-9.866804880281401506e-13
-6.179843696529461519e-13
-3.846670353143481719e-13
-2.419888404469622464e-13
-1.535456244862023321e-13
-9.795087613930419799e-14
-9.323348249014112718e-09
-6.536140835876241760e-09
-4.644973815636391481e-09
-3.270169875832415064e-09
-2.264539172044980667e-09
-1.549055704196789035e-09
-1.048512010234515827e-09
-7.010449136694149124e-10
-4.629240761405216912e-10
-3.062411333655775077e-10
-2.005705361479668542e-10
-1.290982177796774365e-10
-8.125452658086994864e-11
-5.026765319640471804e-11
-3.123756335666136701e-11
-1.957104677273270526e-11
-1.201622752753410837e-11
-7.255371092307621212e-12
-4.344364934397776548e-12
-2.592327126839020894e-12
-1.550036931451598791e-12
-9.780002611019563417e-13
-6.135144212819375582e-13
-3.824190491122566370e-13
-2.408461076498023012e-13
-1.529589884681183077e-13
-9.764794120575959087e-14
-8.796578520034862622e-09
-6.177214012938219867e-09
-4.399318244819519946e-09
-3.105246641122039614e-09
-2.156761185238627659e-09
-1.480009754739587811e-09
-1.004920057075151536e-09
-6.738964400430184395e-10
-4.462073611656617600e-10
-2.958634636460532249e-10
-1.941767136707787025e-10
-1.252292044373975687e-10
-7.897280585210906726e-11
-4.895095280718345974e-11
-3.047653394677971989e-11
-1.912982059457930704e-11
-1.176987463149726749e-11
-7.123165073573642764e-12
-4.275768291008246539e-12
-2.557791270917253468e-12
-1.533024893143027814e-12
-9.689959758577439969e-13
-6.088554598065519969e-13
-3.800656979238040839e-13
-2.396464691217410206e-13
-1.523429537347150854e-13
-9.733073427871944585e-14
-8.352337188663209357e-09
-5.872954903978910367e-09
-4.189194681897560441e-09
-2.962402977116530756e-09
-2.061893976872558883e-09
-1.418072330150107518e-09
-9.650084056770446310e-10
-6.485228878599106689e-10
-4.302806998543307053e-10
-2.858219277393395979e-10
-1.879127555330601777e-10
-1.214021067366729427e-10
-7.670036140388761897e-11
-4.763472482119921895e-11
-2.971512921512632346e-11
-1.868874405658369136e-11
-1.152398104100512183e-11
-6.991389525118983841e-12
-4.207417974955118890e-12
-2.523335893825830694e-12
-1.516005716494924979e-12
-9.599620737372597894e-13
-6.041669202934747740e-13
-3.776906606900009944e-13
-2.384336413577811557e-13
-1.517201347336919846e-13
-9.701074492866193867e-14
-7.950333719919844765e-09
-5.596872522949950216e-09
-3.997436278407314783e-09
-2.830965595805095426e-09
-1.973668633795948961e-09
-1.359761126629277607e-09
-9.269499677337313584e-10
-6.240272038241029160e-10
-4.147357163635558469e-10
-2.759384592928022927e-10
-1.817080336972191974e-10
-1.175936913149418799e-10
-7.443248942680804890e-11
-4.631979224044041842e-11
-2.895492022539875932e-11
-1.824901304693728841e-11
-1.127930228229349290e-11
-6.860494694801021084e-12
-4.139588379888104686e-12
-2.489134067235975583e-12
-1.499088183873490340e-12
-9.509673740271261792e-13
-5.994903764443564230e-13
-3.753177767483281532e-13
-2.372207772496007938e-13
-1.510974450024100336e-13
-9.669138177748142888e-14
-7.576046413425074550e-09
-5.339652904805378751e-09
-3.818295346137919884e-09
-2.707642588051137380e-09
-1.890407804849435275e-09
-1.304359982690570529e-09
-8.905406476263721535e-10
-6.004415966390633659e-10
-3.996863713359368623e-10
-2.663324729880283431e-10
-1.756609819329658023e-10
-1.138757151816947065e-10
-7.221697182506455527e-11
-4.503574353020317742e-11
-2.821353086748685314e-11
-1.782091363773191180e-11
-1.104156609909547714e-11
-6.733544441737457396e-12
-4.073878537899966432e-12
-2.456007705549457429e-12
-1.482691216933123748e-12
-9.422409453207846523e-13
-5.949483722034329847e-13
-3.730108735680158046e-13
-2.360410652987450840e-13
-1.504919887727431198e-13
-9.638130222276006423e-14
-7.218489051995167150e-09
-5.093898636661843256e-09
-3.646931170224651894e-09
-2.589421305294914559e-09
-1.810355969338365917e-09
-1.250911346928437874e-09
-8.552928561942472317e-10
-5.775370716085868386e-10
-3.850348670740798261e-10
-2.569647470709755514e-10
-1.697577646540177108e-10
-1.102443641620131563e-10
-7.005318529262834088e-11
-4.378247685499097806e-11
-2.749071070694981005e-11
-1.740408474639482398e-11
-1.081042420890193549e-11
-6.610280566204540796e-12
-4.010134542320263948e-12
-2.423881928634801923e-12
-1.466785370260098185e-12
-9.337720895770541148e-13
-5.905382770447693098e-13
-3.707700873414081048e-13
-2.348950929887767761e-13
-1.499041295470711300e-13
-9.608058577396061771e-14
-6.878886163918744856e-09
-4.860432348363088006e-09
-3.484044096289777274e-09
-2.476940234435125641e-09
-1.734089585009303577e-09
-1.199912318189237575e-09
-8.216108075740294057e-10
-5.556232125780191385e-10
-3.710052829532870343e-10
-2.479910370838427544e-10
-1.641023925724530492e-10
-1.067661829962214748e-10
-6.798171191320788063e-11
-4.258367121657169391e-11
-2.680003239925432559e-11
-1.700624406384730351e-11
-1.059007833237327623e-11
-6.492904038109110114e-12
-3.949482367132232029e-12
-2.393324694083199324e-12
-1.451655385882478866e-12
-9.257148265803597199e-13
-5.863417221270794426e-13
-3.686375963333467550e-13
-2.338046579087240024e-13
-1.493450516297735892e-13
-9.579487812053011477e-14
-6.554344619999795517e-09
-4.637078311652185323e-09
-3.328089040646597672e-09
-2.369158691240068510e-09
-1.660945309822823633e-09
-1.150958490328343366e-09
-7.892555543700223181e-10
-5.345616000496285165e-10
-3.575177659602780500e-10
-2.393637934333257500e-10
-1.586660242644865664e-10
-1.034234931214858550e-10
-6.599165899279602363e-11
-4.143256933071022996e-11
-2.613724235226976336e-11
-1.662471364263017803e-11
-1.037891120585793854e-11
-6.380489111043349381e-12
-3.891422016433421874e-12
-2.364081458326520194e-12
-1.437177964939703762e-12
-9.180058213636732904e-13
-5.823271785001275088e-13
-3.665981263093503218e-13
-2.327622085387219384e-13
-1.488109038283358273e-13
-9.552214368201811944e-14
