-4.170589432771719188e-09
-2.930508705465569888e-09
-2.105164949461537809e-09
-1.507045128006993411e-09
-1.066590677798074021e-09
-7.483010052362817852e-10
-5.205578536460821142e-10
-3.582232614465683626e-10
-2.437630179943980913e-10
-1.661447664198186459e-10
-1.122843090616700871e-10
-7.479184840682063579e-11
-4.890975838688965751e-11
-3.155250269844890452e-11
-2.045697826935558542e-11
-1.335900694426833296e-11
-8.570703687386427789e-12
-5.414345623295533910e-12
-3.388457154524759390e-12
-2.107790771592191058e-12
-1.308587884376714008e-12
-8.488175189725577234e-13
-5.459527087619574448e-13
-3.479792743483963314e-13
-2.232168193136824539e-13
-1.439370351493390187e-13
-9.306536524058740113e-14
-4.283284713609355258e-09
-3.016459469171781338e-09
-2.169874340878945546e-09
-1.554642861642779499e-09
-1.100617540068646139e-09
-7.720029915740875896e-10
-5.366674983485222209e-10
-3.688950877328990330e-10
-2.506584257200452708e-10
-1.705670379926681504e-10
-1.150699572200527428e-10
-7.650225095582190681e-11
-4.992684172942101615e-11
-3.214080576415587122e-11
-2.079612782140501340e-11
-1.355454476882602897e-11
-8.679052025942301513e-12
-5.471999624619660794e-12
-3.418140200815341921e-12
-2.122645035911328558e-12
-1.315872708216053294e-12
-8.526608228155317141e-13
-5.479336115584733142e-13
-3.489749479735465470e-13
-2.237214249120695443e-13
-1.441943741817148765e-13
-9.319687087633981630e-14
-4.409829718118798818e-09
-3.111685360479994344e-09
-2.240878211461642937e-09
-1.606453514720339141e-09
-1.137399267868889585e-09
-7.974736928553706423e-10
-5.538947633215885670e-10
-3.802607190055867734e-10
-2.579770444793594338e-10
-1.752479190283469979e-10
-1.180114558603386721e-10
-7.830430907158765123e-11
-5.099611808872932480e-11
-3.275806225524525844e-11
-2.115139262585305374e-11
-1.375913531118048132e-11
-8.792320954825637584e-12
-5.532246734393823016e-12
-3.449161046787414291e-12
-2.138177911786829846e-12
-1.323498131717696417e-12
-8.566882002786677061e-13
-5.500120325679588831e-13
-3.500210779213526400e-13
-2.242522278375354536e-13
-1.444652819364705378e-13
-9.333532413813136746e-14
-4.553263664051672729e-09
-3.218289466610311018e-09
-2.319658889940989399e-09
-1.663511920970072185e-09
-1.177644469410778298e-09
-8.251901763144543842e-10
-5.725555254682550087e-10
-3.925252883782650488e-10
-2.658494580480270907e-10
-1.802702730158394852e-10
-1.211605520116723524e-10
-8.022954224092277476e-11
-5.213617899700899076e-11
-3.341493788742467182e-11
-2.152887644354900078e-11
-1.397627780753628569e-11
-8.912441152757001257e-12
-5.596112095726188877e-12
-3.482047720490822790e-12
-2.154654376293119187e-12
-1.331594675386875014e-12
-8.609687968248258493e-13
-5.522237682008570847e-13
-3.511357330769760735e-13
-2.248184098688580125e-13
-1.447544410125055947e-13
-9.348310947044883651e-14
-4.713309742972678064e-09
-3.335880531383819756e-09
-2.405838466649543440e-09
-1.725494854928879653e-09
-1.221097027903550087e-09
-8.549610326753874268e-10
-5.925132744391111231e-10
-4.055953087003725641e-10
-2.742138545909170378e-10
-1.855938327143792245e-10
-1.244915530729554037e-10
-8.226197477570782330e-11
-5.333739186100977904e-11
-3.410577639071831342e-11
-2.192527322644751092e-11
-1.420404652640740970e-11
-9.038338649983214923e-12
-5.663023894236361867e-12
-3.516507809993343736e-12
-2.171930128874558910e-12
-1.340092956114449905e-12
-8.654667016982856669e-13
-5.545507116862300755e-13
-3.523100319923490686e-13
-2.254155709818366190e-13
-1.450596475273938635e-13
-9.363911237575617242e-14
-4.893670378791589374e-09
-3.467013180910042711e-09
-2.501211477045706519e-09
-1.793650235254987334e-09
-1.268607836159006182e-09
-8.873567268612718886e-10
-6.141442925395780635e-10
-4.197143283381087907e-10
-2.832248279982139108e-10
-1.913164654385799363e-10
-1.280654425814196909e-10
-8.443867059285677485e-11
-5.462156724162261798e-11
-3.484305931161353620e-11
-2.234770960722595748e-11
-1.444651960863471859e-11
-9.172260333068467644e-12
-5.734174366586786473e-12
-3.553155664323386474e-12
-2.190313979293904310e-12
-1.349145527378008555e-12
-8.702629927370626938e-13
-5.570350028402044622e-13
-3.535653451133120064e-13
-2.260546234063073536e-13
-1.453864934622979294e-13
-9.380619345396693743e-14
-5.093923080198475984e-09
-3.611207188884104481e-09
-2.605344475232182774e-09
-1.867620637958272334e-09
-1.319900367009515599e-09
-9.221740575837129135e-10
-6.373055100915854377e-10
-4.347853817167670398e-10
-2.928188179700343025e-10
-1.973970445549866064e-10
-1.318561249208150629e-10
-8.674347583700250204e-11
-5.597899661918506423e-11
-3.562109526212330712e-11
-2.279285925862566883e-11
-1.470175774995650846e-11
-9.313123140492602128e-12
-5.808985991908545080e-12
-3.591695615343139748e-12
-2.209659943881227544e-12
-1.358682205868014500e-12
-8.753213639231252973e-13
-5.596583510526651977e-13
-3.548927121593999677e-13
-2.267311355902320534e-13
-1.457327640279478229e-13
-9.398323603023094715e-14
-5.318491201224241652e-09
-3.771507862684327561e-09
-2.720369986106097251e-09
-1.948883483338734412e-09
-1.375977883584876599e-09
-9.600829542347124412e-10
-6.624372279649934239e-10
-4.510925683904937942e-10
-3.031756817745918440e-10
-2.039491821674797339e-10
-1.359342492359413593e-10
-8.921923618306154637e-11
-5.743483123094164666e-11
-3.645423775755498252e-11
-2.326889471309936719e-11
-1.497442565258419135e-11
-9.463490951981067922e-12
-5.888816576630980837e-12
-3.632826565621212576e-12
-2.230319311421772232e-12
-1.368876693068787513e-12
-8.807342621095696010e-13
-5.624688924851859064e-13
-3.563165960180323983e-13
-2.274576236228893945e-13
-1.461048833573208090e-13
-9.417352942491936480e-14
-5.566766653567138188e-09
-3.947327596428371340e-09
-2.845789541496959064e-09
-2.037042184067098615e-09
-1.436540897108298755e-09
-1.000867140874828446e-09
-6.893891965168218374e-10
-4.685351639471990372e-10
-3.142299957219879383e-10
-2.109308475650945811e-10
-1.402732997951450920e-10
-9.184961107294315144e-11
-5.897927906256701430e-11
-3.733675173648703314e-11
-2.377246049603778967e-11
-1.526256241809185537e-11
-9.622265144376332211e-12
-5.973078205740346282e-12
-3.676246510860111828e-12
-2.252142553326183304e-12
-1.379656948876666571e-12
-8.864643712950753458e-13
-5.654478041809996746e-13
-3.578277638923242222e-13
-2.282295157683101023e-13
-1.465005642455275483e-13
-9.437591973121673774e-14
-5.843960807831607070e-09
-4.142254792195329361e-09
-2.984112346205433711e-09
-2.133831206162817577e-09
-1.502764022837540737e-09
-1.045308799211579015e-09
-7.186742079288602030e-10
-4.874433402369100218e-10
-3.261904170443667774e-10
-2.184736570015055274e-10
-1.449550097025750465e-10
-9.468409345308517595e-11
-6.064134051273013359e-11
-3.828515069463450578e-11
-2.431293622731172651e-11
-1.557150900336867001e-11
-9.792374226990909655e-12
-6.063318483028932474e-12
-3.722750897234804056e-12
-2.275529290942227393e-12
-1.391220684367752571e-12
-8.926170399207165912e-13
-5.686500299792920731e-13
-3.594541938734380723e-13
-2.290611548175713700e-13
-1.469271813566647981e-13
-9.459418809407896550e-14
-6.149213373446650707e-09
-4.355561644715627288e-09
-3.134757260875012987e-09
-2.238805191818254576e-09
-1.574319601318329725e-09
-1.093175716839702603e-09
-7.501332296337733210e-10
-5.077117037996558203e-10
-3.389891365650589180e-10
-2.265343676559925467e-10
-1.499522608378418549e-10
-9.770604942221187238e-11
-6.241107857753985227e-11
-3.929362011757243106e-11
-2.488691523446780873e-11
-1.589926846864683274e-11
-9.972694423842872186e-12
-6.158932807657536362e-12
-3.772027414022624386e-12
-2.300324089433855753e-12
-1.403492684553084297e-12
-8.991531945711111410e-13
-5.720558075187695390e-13
-3.611861675710916882e-13
-2.299477189491263048e-13
-1.473823198975463407e-13
-9.482711692279251070e-14
-6.488488272805271940e-09
-4.591370493041028139e-09
-3.300609785153093775e-09
-2.353957989715808811e-09
-1.652556207733431444e-09
-1.145364364860361333e-09
-7.843529262427783696e-10
-5.297173724622723303e-10
-3.528641453215596569e-10
-2.352629280368986215e-10
-1.553580732073471794e-10
-1.009717458526937906e-10
-6.432142221383763713e-11
-4.038088269501834620e-11
-2.550501368827486174e-11
-1.625187442887994966e-11
-1.016652670246997303e-11
-6.261661456678427486e-12
-3.824968589032648142e-12
-2.326974637376577201e-12
-1.416694298982662513e-12
-9.061908115291856774e-13
-5.757267168201513161e-13
-3.630550826335770154e-13
-2.309053295597484092e-13
-1.478742846907430585e-13
-9.507897366783399049e-14
-6.860468066839552853e-09
-4.848690523189014086e-09
-3.480927208774400890e-09
-2.478743648244850114e-09
-1.737083665364356157e-09
-1.201603621747500586e-09
-8.211500968250020837e-10
-5.533400808908981476e-10
-3.677385958344770804e-10
-2.446105736676258835e-10
-1.611419954738197243e-10
-1.044625822632934353e-10
-6.636130779957319059e-11
-4.154049091519869589e-11
-2.616346376788830199e-11
-1.662711892727299067e-11
-1.037262580442193872e-11
-6.370830983243011096e-12
-3.881223739712604370e-12
-2.355304632736638964e-12
-1.430739273448333981e-12
-9.136846839840115339e-13
-5.796396833359422652e-13
-3.650494860398760718e-13
-2.319282614550090188e-13
-1.484001971569248181e-13
-9.534830894349273255e-14
-7.271541571311523462e-09
-5.131974540401485729e-09
-3.678836114519567966e-09
-2.615323313956490981e-09
-1.829361210576825706e-09
-1.262860551113693736e-09
-8.611553066916848804e-10
-5.789836918008366081e-10
-3.838665107096752670e-10
-2.547369294561956090e-10
-1.674028442720541704e-10
-1.082382429717949824e-10
-6.856563564797813285e-11
-4.279228501072465105e-11
-2.687351630139262709e-11
-1.703139452883201554e-11
-1.059448514256068336e-11
-6.488278720851678693e-12
-3.941731721101567439e-12
-2.385782939134130073e-12
-1.445858457007577260e-12
-9.217575253377929026e-13
-5.838586282645205033e-13
-3.672019253677364002e-13
-2.330332243189235572e-13
-1.489686791039712737e-13
-9.563957029475437957e-14
-7.719426254048788259e-09
-5.439615875346213765e-09
-3.893177713662351184e-09
-2.762865868702559765e-09
-1.928803357118094758e-09
-1.328730739123563687e-09
-9.040953078414539983e-10
-6.064681915766909069e-10
-4.011322510205629628e-10
-2.655682564689429792e-10
-1.740944409446266570e-10
-1.122705427721929476e-10
-7.091774154113564415e-11
-4.412666725366770011e-11
-2.762964341820415808e-11
-1.746150349845743323e-11
-1.083031854919650815e-11
-6.613041722598546904e-12
-4.005988312283809211e-12
-2.418152544742699741e-12
-1.461923614808229688e-12
-9.303408854356501772e-13
-5.883479084197800853e-13
-3.694943365900331217e-13
-2.342110294853502731e-13
-1.495750605277695648e-13
-9.595040367649122305e-14
-8.210257298927341655e-09
-5.775863416282505449e-09
-4.126900572093340747e-09
-2.923376304589103688e-09
-2.036736447806755261e-09
-1.400073424764916470e-09
-9.505177202459928834e-10
-6.361368773661665556e-10
-4.197476855610262026e-10
-2.772357483537841835e-10
-1.812971200787763147e-10
-1.166076784189027338e-10
-7.344576378812263599e-11
-4.555969904004876004e-11
-2.844102239545630950e-11
-1.792269835009818551e-11
-1.108301028282983703e-11
-6.746635981817557295e-12
-4.074761890428038196e-12
-2.452791426222811756e-12
-1.479117320730161465e-12
-9.395302916561486926e-13
-5.931565166206325081e-13
-3.719513155899170180e-13
-2.354741929258372062e-13
-1.502257974066017309e-13
-9.628417609922809970e-14
-8.740746586922771429e-09
-6.138159696332886387e-09
-4.378024307591325033e-09
-3.095349274552326796e-09
-2.152046641041856886e-09
-1.476087556963176268e-09
-9.998631888330413460e-10
-6.676111108204067432e-10
-4.394641400014322494e-10
-2.895782820357961637e-10
-1.889089075665720802e-10
-1.211871324723389441e-10
-7.611285995082763383e-11
-4.707042022867808263e-11
-2.929580640302092912e-11
-1.840826340787532499e-11
-1.134888156364385033e-11
-6.887105657906621674e-12
-4.147032268828148623e-12
-2.489175793277908776e-12
-1.497173994718598866e-12
-9.491815282111348000e-13
-5.982078887343115237e-13
-3.745332605085961338e-13
-2.368022166165897542e-13
-1.509103447758338696e-13
-9.663554460471007349e-14
-9.318929884788318692e-09
-6.531126085292081403e-09
-4.649238464776334138e-09
-3.280285200370055968e-09
-2.275513843196660030e-09
-1.557148628810551546e-09
-1.052296168821535297e-09
-7.009526626709172951e-10
-4.602981451864533972e-10
-3.025960505953508398e-10
-1.969254001016490389e-10
-1.260045526019713546e-10
-7.891617795781499191e-11
-4.865745879923313558e-11
-3.019352355417546677e-11
-1.891811611400883918e-11
-1.162796999423807370e-11
-7.034485032963001795e-12
-4.222801872506589668e-12
-2.527288243742331034e-12
-1.516072393546553949e-12
-9.592774385764621358e-13
-6.034900046058049477e-13
-3.772325770337561870e-13
-2.381906849768754849e-13
-1.516263571082677382e-13
-9.700340057809796796e-14
-9.949924747759759744e-09
-6.955506195749469693e-09
-4.939555590456500974e-09
-3.476581614038578170e-09
-2.405490325277419662e-09
-1.641839674320770658e-09
-1.106716576019316496e-09
-7.353653338822640463e-10
-4.817035864610329306e-10
-3.159256940684127711e-10
-2.051126853918039672e-10
-1.309150669775349387e-10
-8.177000029090258615e-11
-5.027216575401324387e-11
-3.110688900947526705e-11
-1.943695093665876138e-11
-1.191199198637341792e-11
-7.184418801754323569e-12
-4.299814810257367940e-12
-2.565972004145170236e-12
-1.535223559852580007e-12
-9.694961854542810470e-13
-6.088306593591878638e-13
-3.799594156774627535e-13
-2.395927149311355117e-13
-1.523495486371844179e-13
-9.737536882619240180e-14
-1.066829898548761014e-08
-7.428585093789559370e-09
-5.257568517349010313e-09
-3.688084415223875883e-09
-2.543326145189564812e-09
-1.730361784737624099e-09
-1.162890080968411412e-09
-7.705135287486213873e-10
-5.033796396095934175e-10
-3.293390567073535695e-10
-2.133124310658827376e-10
-1.358162699220424484e-10
-8.461253904902376806e-11
-5.187953848983947682e-11
-3.201661796804512336e-11
-1.995420595437807567e-11
-1.219536701596971516e-11
-7.334015729824231475e-12
-4.376568652841522347e-12
-2.604439994041943415e-12
-1.554213752560972020e-12
-9.796053789224725509e-13
-6.141021377821267506e-13
-3.826454935721198318e-13
-2.409720531763173137e-13
-1.530609929800715285e-13
-9.774184376728055940e-14
-1.153394737377584244e-08
-7.979265911368201475e-09
-5.616894317281737103e-09
-3.920305730019877857e-09
-2.690458106907566968e-09
-1.822420842411364474e-09
-1.219981692464905623e-09
-8.055423933197503069e-10
-5.246367139560740860e-10
-3.423375222265034888e-10
-2.211872924811964254e-10
-1.404923813279307606e-10
-8.731332213775943321e-11
-5.340446301186298706e-11
-3.288021137416197929e-11
-2.044591333004116174e-11
-1.246507615327778015e-11
-7.476418518192719694e-12
-4.449512217057344068e-12
-2.640874526198815758e-12
-1.572120009602345699e-12
-9.891018060551304332e-13
-6.190357422174562889e-13
-3.851508268758939674e-13
-2.422556719971056165e-13
-1.537227950048439677e-13
-9.808343110577856487e-14
-1.267072308826181495e-08
-8.673577751096473244e-09
-6.053037964329742114e-09
-4.191368460455588683e-09
-2.855341006017658817e-09
-1.921552467406975608e-09
-1.279229429894939047e-09
-8.407142824978556227e-10
-5.453886920267915118e-10
-3.547594538383744720e-10
-2.285899522370353841e-10
-1.448342513886799791e-10
-8.980081740912456750e-11
-5.480403370170860577e-11
-3.367298169307350372e-11
-2.089805555825871075e-11
-1.271345752406240574e-11
-7.607548743747697499e-12
-4.516497507987760221e-12
-2.674152787075920357e-12
-1.588360321641167787e-12
-9.976637073168787434e-13
-6.234576074575351437e-13
-3.873839235129682193e-13
-2.433955174310451561e-13
-1.543099544168480080e-13
-9.838737080943361936e-14
-1.423636410838220114e-08
-9.598668293297094707e-09
-6.614164558841149620e-09
-4.526593730632051652e-09
-3.050261305852508152e-09
-2.033217890571226989e-09
-1.342787404502197530e-09
-8.766995189819042554e-10
-5.657170164724252548e-10
-3.665082000305019273e-10
-2.353939526734950117e-10
-1.487354044387484662e-10
-9.199960906584656826e-11
-5.603002564452695263e-11
-3.436550492113640955e-11
-2.129302192720378079e-11
-1.293040711736270521e-11
-7.721830588007905821e-12
-4.574541997981665530e-12
-2.702724348729575894e-12
-1.602147337884038463e-12
-1.004865309771903469e-12
-6.271430646221953161e-13
-3.892292650919935996e-13
-2.443319426757042697e-13
-1.547916715210348257e-13
-9.863786954022146013e-14
-1.643818385974901295e-08
-1.087827044986473203e-08
-7.373415429336585093e-09
-4.967436941643284014e-09
-3.297382590341002933e-09
-2.168685815052553218e-09
-1.416127105168365766e-09
-9.160192926965386394e-10
-5.867197996649171522e-10
-3.780555171693258373e-10
-2.417904310818460540e-10
-1.522644516854666245e-10
-9.392857895417369590e-11
-5.708402882966185421e-11
-3.495486480750146500e-11
-2.162742371802343156e-11
-1.311313558227985367e-11
-7.817303130868200219e-12
-4.622407747261395434e-12
-2.725871837238778368e-12
-1.613092860822020085e-12
-1.010491236921633919e-12
-6.299769093164786283e-13
-3.906272561436815469e-13
-2.450341514715549050e-13
-1.551520996323716339e-13
-9.882687221704777176e-14
-1.942731320367049462e-08
-1.261575129785416651e-08
-8.397551491008114417e-09
-5.554676223796610747e-09
-3.620101926585994885e-09
-2.340687381319165743e-09
-1.505866299079426923e-09
-9.619588459270233589e-10
-6.099602633173998344e-10
-3.901463862188469284e-10
-2.481255144386865352e-10
-1.555738953094219186e-10
-9.564902954358718311e-11
-5.798735694022020410e-11
-3.544670021087789612e-11
-2.190130125050823776e-11
-1.325995106630949798e-11
-7.892227182081619413e-12
-4.658846146783529477e-12
-2.742845648073787647e-12
-1.620795033954443667e-12
-1.014324042813372220e-12
-6.318465508458447902e-13
-3.915217086130517564e-13
-2.454739443673226776e-13
-1.553769371503448526e-13
-9.894706534415617245e-14
-2.329598636131227761e-08
-1.489699353251729431e-08
-9.751627737311102206e-09
-6.332990104939187769e-09
-4.046718329363056521e-09
-2.566003532535534644e-09
-1.621441678474789767e-09
-1.019582651791819541e-09
-6.380559370328480064e-10
-4.041393173471477470e-10
-2.550951111194480390e-10
-1.590104803614412680e-10
-9.732663885715746936e-11
-5.881592249830573245e-11
-3.587527647085907344e-11
-2.212977809288113497e-11
-1.337673888976091723e-11
-7.948499630692924854e-12
-4.684305491615040663e-12
-2.753679127420899498e-12
-1.625215878460186831e-12
-1.016334399404443376e-12
-6.327356834871355322e-13
-3.919049611294401448e-13
-2.456479366886833820e-13
-1.554647064846028575e-13
-9.899779913558170647e-14
-2.791770243561787441e-08
-1.769259934814489413e-08
-1.144048874158682010e-08
-7.317521338439087385e-09
-4.592395573570222259e-09
-2.856162034324259879e-09
-1.770471277526779499e-09
-1.093493270269909037e-09
-6.736196005930537296e-10
-4.214922700511426532e-10
-2.634936926521373282e-10
-1.629925043840760064e-10
-9.917128260506476446e-11
-5.966984855932161850e-11
-3.628724227845408983e-11
-2.233410462704378453e-11
-1.347222236979649503e-11
-7.989291133453034634e-12
-4.699826023671603983e-12
-2.758701570968436047e-12
-1.626474625178820332e-12
-1.016583842787909878e-12
-6.326795601978769249e-13
-3.917977536920451560e-13
-2.455681328486635198e-13
-1.554220188900623797e-13
-9.898248767010819391e-14
-3.306319708892159450e-08
-2.091816125250800009e-08
-1.344211030691889858e-08
-8.512309207953913686e-09
-5.269128064853793288e-09
-3.222734672459572764e-09
-1.961513260335318576e-09
-1.189223323835561287e-09
-7.199363512009661319e-10
-4.440922617139776834e-10
-2.743716161544090366e-10
-1.680830090139908050e-10
-1.014706621768435059e-10
-6.068946870076041764e-11
-3.674988266942040832e-11
-2.254608616103236300e-11
-1.356019342176207314e-11
-8.020044867544200492e-12
-4.707411495183703008e-12
-2.758635259549867755e-12
-1.624849626616898863e-12
-1.015207875047872127e-12
-6.317475570081746572e-13
-3.912364067430068672e-13
-2.452539473913540138e-13
-1.552592130537025918e-13
-9.890654641712418399e-14
-3.830844868881739534e-08
-2.435914326159236399e-08
-1.565359511388948486e-08
-9.874628705918956892e-09
-6.064026555220575832e-09
-3.665010083793644147e-09
-2.197470172291679479e-09
-1.309894450081243492e-09
-7.793486856943288267e-10
-4.734738745959104983e-10
-2.886632477684229575e-10
-1.748176838981759579e-10
-1.045130179055591805e-10
-6.202082018889076847e-11
-3.733511553419753189e-11
-2.280051051912798503e-11
-1.365622334285780963e-11
-8.047242942320176137e-12
-4.709673589244587036e-12
-2.754554070253947576e-12
-1.620816109539870495e-12
-1.012455216111310180e-12
-6.300718502418372560e-13
-3.902908353087643521e-13
-2.447425442120810227e-13
-1.549958001813438950e-13
-9.877996329908276310e-14
-4.327364098498005671e-08
-2.780809401833110334e-08
-1.796997071107182610e-08
-1.135879263782273696e-08
-6.962602490138313753e-09
-4.182007536205196358e-09
-2.481654601374263627e-09
-1.459203183240348721e-09
-8.546883374486773307e-10
-5.115139873988314208e-10
-3.075189502451742297e-10
-1.838585173061608082e-10
-1.086554280384784130e-10
-6.384528191939969711e-11
-3.813253530248799279e-11
-2.314081380894793742e-11
-1.377973603997018400e-11
-8.078887639674199781e-12
-4.709740821004784441e-12
-2.747671908737367881e-12
-1.614871348977232709e-12
-1.008571510843203154e-12
-6.277767775185300317e-13
-3.890243847498711439e-13
-2.440668500785386769e-13
-1.546489480172756398e-13
-9.861161502154091524e-14
-4.754032071902883556e-08
-3.099492422926089835e-08
-2.022924161646834504e-08
-1.287602418016675503e-08
-7.921736154257274445e-09
-4.755616130736247087e-09
-2.807975166051893248e-09
-1.636061997434217314e-09
-9.465078301868670517e-10
-5.590185186148270478e-10
-3.316018739673708333e-10
-1.956568129394620259e-10
-1.141698995648097191e-10
-6.631207744500884110e-11
-3.922006195214050423e-11
-2.360666965378094385e-11
-1.394961741914587056e-11
-8.123489403065998062e-12
-4.711379983785679207e-12
-2.739682580040661915e-12
-1.607807205988184810e-12
-1.003974740496427762e-12
-6.250820297191124041e-13
-3.875508208858936020e-13
-2.432861076502377905e-13
-1.542493178013079081e-13
-9.841709651025244099e-14
-5.087547293108745001e-08
-3.374095213220739265e-08
-2.231230960596814879e-08
-1.435560947717220819e-08
-8.904813683204317200e-09
-5.369786926258177048e-09
-3.171009097446440008e-09
-1.839690850458205683e-09
-1.055571726837636363e-09
-6.169521158841291404e-10
-3.616858315649745924e-10
-2.107344612782338463e-10
-1.213695458893138762e-10
-6.959239280242035682e-11
-4.068669788415199565e-11
-2.424304919993292822e-11
-1.418695046900923137e-11
-8.190279060412207824e-12
-4.718490423950949458e-12
-2.732234994727650154e-12
-1.600348105708952045e-12
-9.990324981083272653e-13
-6.221748831687724100e-13
-3.859648496903705306e-13
-2.424489202222652425e-13
-1.538219303240437270e-13
-9.820919569611048190e-14
-5.312261059723835188e-08
-3.587969960564663715e-08
-2.408382040188256195e-08
-1.570159866231422043e-08
-9.851403910672383236e-09
-5.990423048062577796e-09
-3.553424312506927067e-09
-2.062206815641789620e-09
-1.178724660659616895e-09
-6.841781227841962734e-10
-3.974546982395600543e-10
-2.290707797120006827e-10
-1.303109954154777510e-10
-7.374186429911619855e-11
-4.257030999911658341e-11
-2.507292254039355655e-11
-1.450467544864110154e-11
-8.286201752105337201e-12
-4.734710443765272731e-12
-2.727205621670679568e-12
-1.593448663270843752e-12
-9.942631419375437224e-13
-6.193300192194648402e-13
-3.844081637371432435e-13
-2.416284424775038084e-13
-1.534043146417327685e-13
-9.800684667338549285e-14
-5.430310559144798530e-08
-3.735754590231458560e-08
-2.547437373954629609e-08
-1.685295093205771683e-08
-1.071734272542768357e-08
-6.590041625145915719e-09
-3.940184603048502341e-09
-2.296351927066516817e-09
-1.312903536973806399e-09
-7.595331911768818725e-10
-4.385539418628178998e-10
-2.506174921272214988e-10
-1.410345603990621959e-10
-7.880715788247965669e-11
-4.490370165309034429e-11
-2.611621162114967052e-11
-1.491384424140357822e-11
-8.417013367238119044e-12
-4.762937086071012608e-12
-2.726027031390396491e-12
-1.587811367098083622e-12
-9.900394154545358230e-13
-6.167411584291816929e-13
-3.829790650665671228e-13
-2.408748396737978616e-13
-1.530220474718856424e-13
-9.782295258783989064e-14
-5.448111665977183686e-08
-3.814036886960541667e-08
-2.641557872025681226e-08
-1.773863017058752087e-08
-1.144417151202367224e-08
-7.127401383781957402e-09
-4.305391306517056771e-09
-2.527351099025003353e-09
-1.450329459411927492e-09
-8.390487336772988710e-10
-4.830355277795748460e-10
-2.744642145432310321e-10
-1.531400344728952344e-10
-8.462181704793166205e-11
-4.761904363780653857e-11
-2.734639005581539292e-11
-1.540622244153430763e-11
-8.581485613671877751e-12
-4.803916607358893219e-12
-2.729604107838076663e-12
-1.584053500020830473e-12
-9.867289530801206844e-13
-6.146112673734968092e-13
-3.817836213726689110e-13
-2.402427409803877307e-13
-1.527028623878995909e-13
-9.767125503993062120e-14
-5.377501093173500450e-08
-3.825992924849882726e-08
-2.689529650217954532e-08
-1.832859440458149000e-08
-1.199975603394665513e-08
-7.576396022082107559e-09
-4.631071045915415779e-09
-2.744254951567801154e-09
-1.584954391649281204e-09
-9.195380411094308365e-10
-5.292973683815156572e-10
-2.998471669858539999e-10
-1.662849613103807397e-10
-9.103978511587376252e-11
-5.065441713181060178e-11
-2.873744374255997096e-11
-1.597219666679932478e-11
-8.776745755866466391e-12
-4.857101639916831221e-12
-2.738000690835051915e-12
-1.582307393426446223e-12
-9.844223358885670416e-13
-6.129920903239655202e-13
-3.808485524620444867e-13
-2.397454728811167069e-13
-1.524532577503396127e-13
-9.755481749799817899e-14
-5.232939367810179588e-08
-3.777840739271621483e-08
-2.692550697727407364e-08
-1.860789715317243591e-08
-1.235888654485355132e-08
-7.912279860103712418e-09
-4.897819313982305110e-09
-2.933862085448187262e-09
-1.708691072349212410e-09
-9.963179238127558236e-10
-5.747555030123981284e-10
-3.254104922277924256e-10
-1.797975068055790851e-10
-9.774488711590125186e-11
-5.386355790396891350e-11
-3.022276327447790669e-11
-1.658437749135823677e-11
-8.992919572476173977e-12
-4.919430298724718467e-12
-2.750433787358709423e-12
-1.582418343533042894e-12
-9.830873411001142716e-13
-6.118802379435838326e-13
-3.801748124984252933e-13
-2.393835650285093513e-13
-1.522731254409673925e-13
-9.747320091460598188e-14
-5.031500230850068035e-08
-3.680507875428177022e-08
-2.656837132016294199e-08
-1.860572776892593845e-08
-1.253043241978873367e-08
-8.133939780958938478e-09
-5.101239159647901924e-09
-3.091830695730574558e-09
-1.818390471728169299e-09
-1.067417382585472877e-09
-6.182819242511323527e-10
-3.505540512385512757e-10
-1.933799936809867253e-10
-1.045972561342192037e-10
-5.718122103821374455e-11
-3.177179828457236891e-11
-1.722938607056494847e-11
-9.224520435152520196e-12
-4.988726460294568331e-12
-2.766032070578222091e-12
-1.584015632645409317e-12
-9.825363965557006215e-13
-6.111791276522311696e-13
-3.797126549512181164e-13
-2.391310148171955203e-13
-1.521488806556176410e-13
-9.741938640679586611e-14
-4.793560359979442173e-08
-3.547644233622849238e-08
-2.590738334008238628e-08
-1.836640898577623414e-08
-1.253259507725775971e-08
-8.244974002778855725e-09
-5.238586956226279937e-09
-3.213838603915012449e-09
-1.910299685558105431e-09
-1.130200461591690162e-09
-6.582193306282973811e-10
-3.743188457445220357e-10
-2.065194142972221103e-10
-1.113408793330306406e-10
-6.048374444267931169e-11
-3.332614727147541185e-11
-1.788207904794082467e-11
-9.461794944296624659e-12
-5.061527729820360730e-12
-2.783632495473021204e-12
-1.586698410884387811e-12
-9.825926162896282645e-13
-6.108059560592209574e-13
-3.794216360372799217e-13
-2.389670696364997869e-13
-1.520696503096608756e-13
-9.738764069471113653e-14
-4.534148808087108495e-08
-3.390780033911937211e-08
-2.502390558404829103e-08
-1.794221844252132817e-08
-1.239523597757926150e-08
-8.260204995528972999e-09
-5.315995752268823798e-09
-3.301746232540994261e-09
-1.984591940622532021e-09
-1.184406820941899549e-09
-6.942885197671757601e-10
-3.965093420312034281e-10
-2.191025555054642291e-10
-1.179174144919317921e-10
-6.374223614708729453e-11
-3.487155543834114402e-11
-1.853576289658998814e-11
-9.701702627417108235e-12
-5.136449390521595094e-12
-2.802587969537740006e-12
-1.590153872817418381e-12
-9.830881478480669645e-13
-6.106716618140000061e-13
-3.792554392367883122e-13
-2.388676001137763597e-13
-1.520229722478669501e-13
-9.737165292129255012e-14
-4.267994740994039035e-08
-3.221287971644026268e-08
-2.399895646101467306e-08
-1.738573770137070287e-08
-1.214854304812676270e-08
-8.194378951523201464e-09
-5.339038204875113478e-09
-3.356546923192533234e-09
-2.040519800911329117e-09
-1.228990343864643633e-09
-7.256261841587651436e-10
-4.165407414823440319e-10
-2.307824410573976592e-10
-1.241416767925481972e-10
-6.686372410944901672e-11
-3.636318936582728545e-11
-1.917086658239693047e-11
-9.936578925632853188e-12
-5.210747894370091000e-12
-2.821966791061193184e-12
-1.594056285281153895e-12
-9.838779655767539042e-13
-6.107080809709670316e-13
-3.791808195402039872e-13
-2.388156475178029906e-13
-1.520000510263010323e-13
-9.736685750649259692e-14
-4.002553559920174563e-08
-3.045979273023959358e-08
-2.288793709738996824e-08
-1.673803506496917932e-08
-1.182011526971514561e-08
-8.064203595384089650e-09
-5.316779875521797399e-09
-3.382609298172882052e-09
-2.079941750953584455e-09
-1.264690344265357209e-09
-7.525011144839021021e-10
-4.344991427936418843e-10
-2.415820202123767197e-10
-1.300183546723227345e-10
-6.984855826239540770e-11
-3.780047204500638249e-11
-1.978667912751392967e-11
-1.016582193433874784e-11
-5.283988962795285901e-12
-2.841489907070789338e-12
-1.598242727664215287e-12
-9.848677416180251063e-13
-6.108631133609801733e-13
-3.791701926494115065e-13
-2.387967993559367206e-13
-1.519935002339389280e-13
-9.736958551209545420e-14
-3.746923243019737061e-08
-2.872442449981312102e-08
-2.174977180600616795e-08
-1.604150321101197039e-08
-1.143772105101012070e-08
-7.885928791296037408e-09
-5.257475281637705106e-09
-3.383338369282964690e-09
-2.103775898577310438e-09
-1.291455497476827421e-09
-7.745888660399616790e-10
-4.500682376334786556e-10
-2.512778197892555689e-10
-1.354160543868389939e-10
-7.262741662010055390e-11
-3.914923041316629542e-11
-2.036817074004025314e-11
-1.038359102008440971e-11
-5.354136956738139660e-12
-2.860500320680306901e-12
-1.602499761039231705e-12
-9.859676295342144894e-13
-6.110963376988147559e-13
-3.792043546240269433e-13
-2.388013687029688800e-13
-1.519983238450324100e-13
-9.737725620701270137e-14
-3.503413242669215596e-08
-2.703449070515154023e-08
-2.061144106402783924e-08
-1.531937850427961373e-08
-1.101931753040960569e-08
-7.671994378988501383e-09
-5.168842371331456094e-09
-3.363009958470539924e-09
-2.114138007482842586e-09
-1.310267985543691221e-09
-7.923144842464805960e-10
-4.634176198949557493e-10
-2.599317127502338491e-10
-1.403561499556409221e-10
-7.520794853887435413e-11
-4.041230502105627531e-11
-2.091624183924345398e-11
-1.059005836433192402e-11
-5.421139564446461612e-12
-2.878910371738338909e-12
-1.606760869734632916e-12
-9.871357241209611895e-13
-6.113835954233433849e-13
-3.792702528184963658e-13
-2.388225054781660897e-13
-1.520110423556513402e-13
-9.738818482551883056e-14
-3.276240060796705737e-08
-2.542893650337543642e-08
-1.950630028152246350e-08
-1.459816671590129290e-08
-1.058420117581093796e-08
-7.435061095505728077e-09
-5.058214548273432786e-09
-3.325233265690046134e-09
-2.112412367925104038e-09
-1.321455712116810425e-09
-8.055893097109439412e-10
-4.743553136915974702e-10
-2.673772259688063985e-10
-1.447307452345459877e-10
-7.753036022935618490e-11
-4.155949305407029690e-11
-2.141742864137142940e-11
-1.077997285633562449e-11
-5.483181320999104713e-12
-2.896148359036447956e-12
-1.610848760284661928e-12
-9.883007125573116882e-13
-6.116941839409737119e-13
-3.793537753889370043e-13
-2.388532145912902765e-13
-1.520280747747610355e-13
-9.740052377111263999e-14
-3.063916696930787123e-08
-2.390490288080851491e-08
-1.843834327223629946e-08
-1.388513346827580649e-08
-1.014028788992106655e-08
-7.181966957166440976e-09
-4.930605019056952829e-09
-3.273205993329930777e-09
-2.100393816965563692e-09
-1.325944247160295558e-09
-8.148529088106586953e-10
-4.830722363622432156e-10
-2.736894861960872365e-10
-1.485673471835908343e-10
-7.960486584591330558e-11
-4.259471273115661232e-11
-2.187306955239814923e-11
-1.095368856047199985e-11
-5.540292701670792107e-12
-2.912168235057944215e-12
-1.614719044985156616e-12
-9.894333595359152818e-13
-6.120110259394042632e-13
-3.794457014733579668e-13
-2.388886888236678100e-13
-1.520470010745596460e-13
-9.741311479986918092e-14
-2.867883973306505451e-08
-2.247942771176082219e-08
-1.742462149346429607e-08
-1.319560071873468923e-08
-9.700042658783055394e-09
-6.921828432557219049e-09
-4.791939888781327236e-09
-3.210278958955531161e-09
-2.079664241086045234e-09
-1.324331734746103622e-09
-8.202296734921552806e-10
-4.895115862580135264e-10
-2.787759437316915384e-10
-1.517941969310854759e-10
-8.138846558089306724e-11
-4.349536356647993772e-11
-2.227280541185726094e-11
-1.110707358910870827e-11
-5.591013320267628957e-12
-2.926497413571530312e-12
-1.618220221182206118e-12
-9.904713966845689451e-13
-6.123069785499619349e-13
-3.795335394405713936e-13
-2.389227729376743391e-13
-1.520646975949401303e-13
-9.742436382763544446e-14
-2.685440794398481898e-08
-2.113807130701711705e-08
-1.645896504691388008e-08
-1.252865472930580307e-08
-9.265434235248581288e-09
-6.657649305656262522e-09
-4.645085365480064261e-09
-3.138641154449372859e-09
-2.051646871206795259e-09
-1.317446945721087847e-09
-8.221598924323857077e-10
-4.938874239093349037e-10
-2.827316151163875926e-10
-1.544507148703231018e-10
-8.289752892280320889e-11
-4.426834086094811957e-11
-2.261927352135913386e-11
-1.124099460352002386e-11
-5.635563133680263365e-12
-2.939159184907274369e-12
-1.621335075509617999e-12
-9.913987784335549261e-13
-6.125715879673955088e-13
-3.796114329976916777e-13
-2.389524006051980101e-13
-1.520796387574287955e-13
-9.743356059653087119e-14
-2.517076241776826430e-08
-1.988922670403217272e-08
-1.555099314157053827e-08
-1.189372957939115932e-08
-8.844744438834242505e-09
-6.395974881915787950e-09
-4.494680143603047205e-09
-3.061202798340400033e-09
-2.017921552010563058e-09
-1.306030483871663478e-09
-8.209188859872824443e-10
-4.962556227731700808e-10
-2.855335611280774172e-10
-1.565026189548893649e-10
-8.410771878522549030e-11
-4.489990403347875643e-11
-2.290589063022536153e-11
-1.135274403493175875e-11
-5.672961723864690852e-12
-2.949828799695604277e-12
-1.623957160690517830e-12
-9.921712911920616328e-13
-6.127855280451835338e-13
-3.796705253430310901e-13
-2.389732412528600674e-13
-1.520896499634805223e-13
-9.743961277975702729e-14
-2.360101583871801741e-08
-1.871640008942110489e-08
-1.469135102076307715e-08
-1.128643281889099360e-08
-8.436799114936245003e-09
-6.137385773240315457e-09
-4.341984551142218279e-09
-2.979244612191439467e-09
-1.979481671787207329e-09
-1.290738090167744786e-09
-8.168931439099116189e-10
-4.968227145198718475e-10
-2.872821641651882244e-10
-1.579951977545734483e-10
-8.503914624388569523e-11
-4.539896867352401213e-11
-2.313625784356785666e-11
-1.144360500549691394e-11
-5.703600167238210652e-12
-2.958600113693712096e-12
-1.626099878338268748e-12
-9.927883855860857471e-13
-6.129462357562198412e-13
-3.797089477058201796e-13
-2.389842665942213129e-13
-1.520942418617427154e-13
-9.744232619336355003e-14
-2.214984336157912767e-08
-1.762609172113518554e-08
-1.388703802650748191e-08
-1.071349985581260419e-08
-8.047553719376441491e-09
-5.886727212728286277e-09
-4.190602549031383053e-09
-2.895185722876646899e-09
-1.937766175118781109e-09
-1.272331853847075436e-09
-8.104302981974567661e-10
-4.957145881528798557e-10
-2.880042382325460784e-10
-1.589234613375934042e-10
-8.568287818287783539e-11
-4.575935044227662467e-11
-2.330709626332600949e-11
-1.151214664843603174e-11
-5.726940972052370956e-12
-2.965291020331348159e-12
-1.627703162677861431e-12
-9.932253839599674398e-13
-6.130431508671613271e-13
-3.797219785814611251e-13
-2.389832153773642136e-13
-1.520923036155650592e-13
-9.744116123336603169e-14
-2.079605322293035663e-08
-1.660408342101726087e-08
-1.312895284505955824e-08
-1.016965983928005128e-08
-7.674481403313254764e-09
-5.643230149990327165e-09
-4.040715441455201813e-09
-2.809579225146936530e-09
-1.893348517055765490e-09
-1.251251762676864180e-09
-8.018179232785240163e-10
-4.930979402078653264e-10
-2.877865344465802577e-10
-1.593287819569353895e-10
-8.605802590321609019e-11
-4.598975414195629173e-11
-2.342201407900052515e-11
-1.155969841960525528e-11
-5.743415139436696585e-12
-2.970021997498235297e-12
-1.628796022073450961e-12
-9.934907012683548888e-13
-6.130785961367794177e-13
-3.797102935297260262e-13
-2.389703662065106460e-13
-1.520840031899489078e-13
-9.743624235993242359e-14
-1.954609461019644250e-08
-1.565672477233066703e-08
-1.242300319399971042e-08
-9.660181440951290208e-09
-7.322078366716001965e-09
-5.410536026718857518e-09
-3.895086756232292067e-09
-2.724357292015662978e-09
-1.847449899655668735e-09
-1.228197813658806712e-09
-7.914133401258952861e-10
-4.891301641039550053e-10
-2.866852400945994375e-10
-1.592258267088096807e-10
-8.616667122894315536e-11
-4.608955769315323790e-11
-2.348019442572458201e-11
-1.158577662427216467e-11
-5.752806113664416835e-12
-2.972709436618842864e-12
-1.629348160639391981e-12
-9.935714983148309760e-13
-6.130470886980630072e-13
-3.796715046035324306e-13
-2.389446141726904414e-13
-1.520688224991955225e-13
-9.742733813528772118e-14
-1.838292480227311458e-08
-1.477171147059414997e-08
-1.176062948611427911e-08
-9.179498825139308414e-09
-6.987088044601201326e-09
-5.187024502826542255e-09
-3.753131725676725534e-09
-2.639492745607894286e-09
-1.800264185172237280e-09
-1.203387990828648091e-09
-7.793866115492236006e-10
-4.839216283705353008e-10
-2.847627512129484971e-10
-1.586462083063839746e-10
-8.602398652934414304e-11
-4.606582117496972185e-11
-2.348460451484112399e-11
-1.159148437204211553e-11
-5.755474752253524965e-12
-2.973456253911575952e-12
-1.629385759851650774e-12
-9.934761057810587673e-13
-6.129513468201057807e-13
-3.796066056072635942e-13
-2.389064171412921284e-13
-1.520470110525238308e-13
-9.741459864654709464e-14
-1.731234147663834934e-08
-1.395421168283379213e-08
-1.114635765496773081e-08
-8.731500618906458297e-09
-6.672769716600623827e-09
-4.975337126033078501e-09
-3.616892054564944833e-09
-2.556463983300935400e-09
-1.752776019106050064e-09
-1.177426486706588471e-09
-7.660755486906397131e-10
-4.776421380655252652e-10
-2.820943724612678292e-10
-1.576195018893040063e-10
-8.564098519099148719e-11
-4.592256798065805264e-11
-2.343650875831932171e-11
-1.157713394223294068e-11
-5.751465842117621415e-12
-2.972253237314120473e-12
-1.628897960144021687e-12
-9.931983280741849308e-13
-6.127883348765876063e-13
-3.795142197632737103e-13
-2.388551517058813712e-13
-1.520182974950782897e-13
-9.739792383540856616e-14
-1.631899312333473021e-08
-1.319275481109329339e-08
-1.057185488597767599e-08
-8.310432270130863896e-09
-6.375428592626244990e-09
-4.773315425485172866e-09
-3.485263200845199299e-09
-2.474817786162608863e-09
-1.704876780093889277e-09
-1.150340773123131966e-09
-7.515425041063034827e-10
-4.703473528322051204e-10
-2.787176513706861177e-10
-1.561669913629668691e-10
-8.502857783124254945e-11
-4.566505412352266466e-11
-2.333815990837338892e-11
-1.154356841963586515e-11
-5.741053873214318474e-12
-2.969177523074026934e-12
-1.627903872768273953e-12
-9.927440740620607904e-13
-6.125599165234321641e-13
-3.793950126754773779e-13
-2.387911227421379968e-13
-1.519828442497635282e-13
-9.737740581271225127e-14
-1.540698611349099563e-08
-1.249101815123403847e-08
-1.004033915896524221e-08
-7.919057641097977193e-09
-6.097387920910031862e-09
-4.582860031652787061e-09
-3.359743035415129893e-09
-2.395675386161094153e-09
-1.657352037766988981e-09
-1.122646565627309320e-09
-7.361021197257602674e-10
-4.622142563660225360e-10
-2.747233785030968133e-10
-1.543313059164250471e-10
-8.420590150569557972e-11
-4.530162480386732354e-11
-2.319279538170279157e-11
-1.149186890746521471e-11
-5.724541779297049373e-12
-2.964295792382299262e-12
-1.626413444646359147e-12
-9.921145649965450974e-13
-6.122658879483230307e-13
-3.792487976409604491e-13
-2.387142728719694720e-13
-1.519406680346662213e-13
-9.735309671639520307e-14
-1.456232820886881582e-08
-1.183840715561453782e-08
-9.543965403052115988e-09
-7.551797446284400158e-09
-5.834893964356458118e-09
-4.401606632097290949e-09
-3.238959936947789041e-09
-2.318325009491981751e-09
-1.609886777537228377e-09
-1.094229855632967011e-09
-7.197312528791464036e-10
-4.532526291819884695e-10
-2.701272813981477775e-10
-1.521243378724373214e-10
-8.317991750096275889e-11
-4.483585877396464297e-11
-2.300201112539493178e-11
-1.142264689003111555e-11
-5.702131785748353248e-12
-2.957666091746670565e-12
-1.624441763501745308e-12
-9.913148047715153177e-13
-6.119080027091782884e-13
-3.790762730530965939e-13
-2.386249338899143772e-13
-1.518919364408534167e-13
-9.732507923159802190e-14
-1.378786570488519071e-08
-1.123758002683632275e-08
-9.085118547136125881e-09
-7.210726410983456030e-09
-5.589699016222958926e-09
-4.230992637284674857e-09
-3.124057022989818294e-09
-2.243642738432956502e-09
-1.563122365163620838e-09
-1.065538977216923976e-09
-7.027257931898783863e-10
-4.436447586449044878e-10
-2.650326517442133891e-10
-1.495995778014822698e-10
-8.197665634913165554e-11
-4.427982352122806474e-11
-2.277077036706752426e-11
-1.133766911490820184e-11
-5.674363558616766387e-12
-2.949427891482953689e-12
-1.622020189504508330e-12
-9.903541535472960895e-13
-6.114893540548551965e-13
-3.788786905255246637e-13
-2.385237398049133457e-13
-1.518370169224866667e-13
-9.729358885533828205e-14
-1.307100039750454351e-08
-1.067896592819374138e-08
-8.656654044489148154e-09
-6.890679637904587809e-09
-5.358225505344500612e-09
-4.068655742430434004e-09
-3.013561379676853238e-09
-2.170776377615920954e-09
-1.516611331548756243e-09
-1.036359373237796896e-09
-6.849968442603281889e-10
-4.333625297251919793e-10
-2.594358592198650254e-10
-1.467599747801904629e-10
-8.059909129411533410e-11
-4.363533537356971778e-11
-2.249995938023165547e-11
-1.123729325741157497e-11
-5.641360078968332092e-12
-2.939618519067313129e-12
-1.619159547170803685e-12
-9.892366986715360686e-13
-6.110116103507727838e-13
-3.786568009004220382e-13
-2.384110609771147493e-13
-1.517760894152318201e-13
-9.725870378740323575e-14
-1.241365563905178791e-08
-1.016452997568095725e-08
-8.260413003625636994e-09
-6.593288941358336776e-09
-5.141857098812502585e-09
-3.915729087761722014e-09
-2.908377828082737090e-09
-2.100433409046185527e-09
-1.470893551846362014e-09
-1.007091052402681961e-09
-6.668267162548636044e-10
-4.225923169653412853e-10
-2.534497408834310846e-10
-1.436673976271426427e-10
-7.907862591817364750e-11
-4.291739122478025537e-11
-2.219591428849482417e-11
-1.112383865640056082e-11
-5.603854963922829650e-12
-2.928438361525479309e-12
-1.615909575627289151e-12
-9.879789020235420379e-13
-6.104807717419319447e-13
-3.784131272135211694e-13
-2.382881414023440656e-13
-1.517098303105694489e-13
-9.722082107921747380e-14
-1.180477972460707118e-08
-9.685856878070539232e-09
-7.890061420739450731e-09
-6.313903519369920654e-09
-4.937289787431641951e-09
-3.769948244616154419e-09
-2.807020688569572763e-09
-2.031694568555008869e-09
-1.425442186926111878e-09
-9.774523259905875445e-10
-6.480789713902733321e-10
-4.112765222669440527e-10
-2.470544368776487541e-10
-1.403167255235338053e-10
-7.741441467924512058e-11
-4.212605017943833402e-11
-2.185879154076715670e-11
-1.099739581651110338e-11
-5.561885985877546569e-12
-2.915901670754709049e-12
-1.612275890379747030e-12
-9.865834825117240873e-13
-6.098982033637383693e-13
-3.781483679348225200e-13
-2.381553388298506083e-13
-1.516384073675849615e-13
-9.718000340050183070e-14
-1.124602781895926337e-08
-9.244657546291405463e-09
-7.547189431615113175e-09
-6.053911867832179325e-09
-4.745681790625664119e-09
-3.632251281726495571e-09
-2.710240931152310308e-09
-1.965160275541888449e-09
-1.380734948198098264e-09
-9.478157044791956468e-10
-6.290303840943398068e-10
-3.996066156948921451e-10
-2.403706275057023471e-10
-1.367762825544851215e-10
-7.564193495863883259e-11
-4.127852851292676396e-11
-2.149597359867846164e-11
-1.086070997176118286e-11
-5.516338541023940329e-12
-2.902257347185072346e-12
-1.608323090668105706e-12
-9.850726683503898617e-13
-6.092722585023881479e-13
-3.778660670855778443e-13
-2.380143839342085774e-13
-1.515627433159313756e-13
-9.713677742014913212e-14
-1.072818663504793052e-08
-8.833819105330979000e-09
-7.226346368068604130e-09
-5.809219606407554232e-09
-4.564040525652690637e-09
-3.500516486512621947e-09
-2.616591147542118746e-09
-1.899894237389130137e-09
-1.336207013981660967e-09
-9.178613185085856623e-10
-6.095143398530215809e-10
-3.875044173995939611e-10
-2.333660408791660507e-10
-1.330342417993378333e-10
-7.375696332100364154e-11
-4.037326551616579096e-11
-2.110692182831727026e-11
-1.071360986020835947e-11
-5.467164184574564182e-12
-2.887494959990894514e-12
-1.604050493617400583e-12
-9.834471769860511590e-13
-6.086036601885809472e-13
-3.775666996562117307e-13
-2.378655367271166699e-13
-1.514829523131034880e-13
-9.709117103349305569e-14
-1.025297761452251259e-08
-8.454989638062939490e-09
-6.928988373613826833e-09
-5.581052097138154145e-09
-4.393363969236104411e-09
-3.375547098671498613e-09
-2.526724077220528504e-09
-1.836436246686693690e-09
-1.292306784103427108e-09
-8.879529675770378682e-10
-5.898099600622675518e-10
-3.751678768391512573e-10
-2.261678543951712378e-10
-1.291636628201398100e-10
-7.179784116566818658e-11
-3.942901880596957715e-11
-2.069974488962264279e-11
-1.055913787520400924e-11
-5.415354701478724517e-12
-2.871897194583020664e-12
-1.599532713241988786e-12
-9.817329360551046728e-13
-6.079021779490813524e-13
-3.772543874670486780e-13
-2.377107943415986832e-13
-1.514000921701075924e-13
-9.704378439942055576e-14
-9.812763753960573748e-09
-8.102142673209669232e-09
-6.650388219525515301e-09
-5.365767368363155813e-09
-4.230917623659520496e-09
-3.255351432539704933e-09
-2.439245049257489494e-09
-1.773860312873999178e-09
-1.248459623560266225e-09
-8.577544690524162373e-10
-5.697344875147918916e-10
-3.625058534848835307e-10
-2.187348663058707189e-10
-1.251473623564259653e-10
-6.975744955935341863e-11
-3.844277501045013239e-11
-2.027325695028986485e-11
-1.039686966976977346e-11
-5.360774031595458262e-12
-2.855426299709022222e-12
-1.594760915072568544e-12
-9.799275700281720193e-13
-6.071673023407530955e-13
-3.769290812129800478e-13
-2.375501679648839541e-13
-1.513141486750894658e-13
-9.699457468570564970e-14
-9.409104826985723981e-09
-7.776707262653973340e-09
-6.391773657161043255e-09
-5.164384280115448301e-09
-4.077535291812601157e-09
-3.140619995740458103e-09
-2.354742686385422004e-09
-1.712679424580506257e-09
-1.205109934836329089e-09
-8.276353118490177529e-10
-5.495749733927623542e-10
-3.497231421265802176e-10
-2.111990596073394362e-10
-1.210613416710339208e-10
-6.767578219839559990e-11
-3.743416241522147943e-11
-1.983597732647131816e-11
-1.023001753287017707e-11
-5.304475048488696190e-12
-2.838383792235978606e-12
-1.589814690416975233e-12
-9.780585193832565673e-13
-6.064092148880132647e-13
-3.765950019264493955e-13
-2.373856827671857527e-13
-1.512261941917928049e-13
-9.694415471715732205e-14
-9.035445970739367011e-09
-7.473396302634685146e-09
-6.148907142322885800e-09
-4.973569588168803953e-09
-3.930666757124488657e-09
-3.029466983902893390e-09
-2.271881324534604018e-09
-1.651998093122281373e-09
-1.161695317736622983e-09
-7.972603447846518838e-10
-5.291437763701962076e-10
-3.367218848361784023e-10
-2.035132709743185605e-10
-1.168842934851668177e-10
-6.554330998998845063e-11
-3.639890456269541388e-11
-1.938613865558735872e-11
-1.005792275372753110e-11
-5.246237525323722317e-12
-2.820704141376140332e-12
-1.584676160108969690e-12
-9.761196969277390361e-13
-6.056258138757775802e-13
-3.762513863630667341e-13
-2.372170048643453085e-13
-1.511360387258615586e-13
-9.689238856904051333e-14
-8.692991820759005240e-09
-7.193300565393279610e-09
-5.922728294263306156e-09
-4.794123190095548799e-09
-3.791002973325163941e-09
-2.922509929084060396e-09
-2.191229034199406661e-09
-1.592339007308428566e-09
-1.118680269394482979e-09
-7.670169332096116109e-10
-5.087397399357664505e-10
-3.237131965914687981e-10
-1.958123169393826345e-10
-1.126933647424720484e-10
-6.340052723277138636e-11
-3.535688010453536662e-11
-1.893238607025160001e-11
-9.883856130139274395e-12
-5.187137692885955052e-12
-2.802696250067267413e-12
-1.579426481232845751e-12
-9.741387017011639604e-13
-6.048271077510012169e-13
-3.759022830653819964e-13
-2.370460523891292201e-13
-1.510447005495219127e-13
-9.683986681602824560e-14
-8.376015709224969723e-09
-6.931685870435590915e-09
-5.709366460948665374e-09
-4.622954261488033814e-09
-3.656156817561734408e-09
-2.817977862741188251e-09
-2.111533041989814752e-09
-1.532863944957914203e-09
-1.075537006731350426e-09
-7.365865629758641615e-10
-4.881798979221062051e-10
-3.105977331497272862e-10
-1.880456359434204072e-10
-1.084642713369266607e-10
-6.123599547922815572e-11
-3.430276814746364836e-11
-1.847245817127813636e-11
-9.706955907218645389e-12
-5.126881022812847468e-12
-2.784269428624618082e-12
-1.574039279450669127e-12
-9.721058528205705886e-13
-6.040094115157469901e-13
-3.755462059475021920e-13
-2.368721399199111784e-13
-1.509518114020319782e-13
-9.678636049490276490e-14
-8.085385948433204823e-09
-6.689330092995408650e-09
-5.509518774606612999e-09
-4.460708523320168582e-09
-3.526751434173366080e-09
-2.716488094177799312e-09
-2.033400370832603839e-09
-1.474145972069732616e-09
-1.032772451574861617e-09
-7.063836236763123026e-10
-4.677764786857941024e-10
-2.975912712775014341e-10
-1.803485667867727255e-10
-1.042735153245297202e-10
-5.908963261109618929e-11
-3.325613550622877212e-11
-1.801487365042816779e-11
-9.530455116562714310e-12
-5.066535710734032285e-12
-2.765731128720957292e-12
-1.568594983778612102e-12
-9.700481101827373350e-13
-6.031822524856287147e-13
-3.751868954765116945e-13
-2.366970113074476254e-13
-1.508583008018305393e-13
-9.673241996842307311e-14
-7.816047777640114248e-09
-6.461941062885609938e-09
-5.319623236668724304e-09
-4.304524887547742432e-09
-3.400581808344722109e-09
-2.616418692084784351e-09
-1.955696653992730037e-09
-1.415432879648834895e-09
-9.899130315464476571e-10
-6.761182310331464264e-10
-4.473580307066581294e-10
-2.845966746331623601e-10
-1.726690429225646050e-10
-1.000947601761494765e-10
-5.694853173020693320e-11
-3.221082210614121895e-11
-1.755696321095214290e-11
-9.353320720516233954e-12
-5.005743065966016200e-12
-2.746968202699821117e-12
-1.563059285548359028e-12
-9.679523134958332200e-13
-6.023403647180998006e-13
-3.748221281486717129e-13
-2.365196192852224776e-13
-1.507636174326408600e-13
-9.667772200980293258e-14
-7.568497534754314488e-09
-6.250002056993316141e-09
-5.140197305582224291e-09
-4.154983377429202706e-09
-3.278296587399222610e-09
-2.518466765241221017e-09
-1.879124381086445580e-09
-1.357380014920502448e-09
-9.475208495287679369e-10
-6.462337091678009184e-10
-4.272474667876210315e-10
-2.718307081865995400e-10
-1.651399201293446202e-10
-9.600193558305341898e-11
-5.485096755016806093e-11
-3.118554558290231731e-11
-1.710688164118575166e-11
-9.178657239491566581e-12
-4.945533139628555461e-12
-2.728277856923077367e-12
-1.557509455869873131e-12
-9.658438882367922229e-13
-6.014924305664838423e-13
-3.744551716867143677e-13
-2.363414511484661752e-13
-1.506685595580834631e-13
-9.662275469924581941e-14
-7.338085885891888895e-09
-6.049519462066705059e-09
-4.967933317841632800e-09
-4.009455723769146780e-09
-3.157904969940857450e-09
-2.421197767922147599e-09
-1.802698838959371005e-09
-1.299341195065984850e-09
-9.051871047797016211e-10
-6.164739188105093478e-10
-4.072873776012248815e-10
-2.591998402371875318e-10
-1.577084774293309172e-10
-9.196716409062905948e-11
-5.278284689219124340e-11
-3.017344803867189977e-11
-1.666161270921327425e-11
-9.005282178407022262e-12
-4.885489198263634762e-12
-2.709525519801298197e-12
-1.551903094764868469e-12
-9.637059505753120171e-13
-6.006314252739322407e-13
-3.740829603395166254e-13
-2.361610414421673250e-13
-1.505723643661858618e-13
-9.656708718559613784e-14
-7.124843146240128847e-09
-5.860707469539690760e-09
-4.803256732864569814e-09
-3.868564319280325921e-09
-3.040179341041295174e-09
-2.325459121098172592e-09
-1.727256671277865981e-09
-1.242067002951396667e-09
-8.635267485444926975e-10
-5.873033214622515596e-10
-3.878034430143369511e-10
-2.469158447168493662e-10
-1.505013050509625404e-10
-8.805970979025721925e-11
-5.077973209541581852e-11
-2.919188022692321465e-11
-1.622872331692400368e-11
-8.836086599208003464e-12
-4.826574929007392514e-12
-2.690989892420311776e-12
-1.546312052830397459e-12
-9.615615747582248557e-13
-5.997648630315369931e-13
-3.737081457236389251e-13
-2.359795495937920817e-13
-1.504756616880919883e-13
-9.651112555149778620e-14
-6.924340983738869106e-09
-5.679822894284040551e-09
-4.643138419032699694e-09
-3.729967923117930277e-09
-2.923398688832504682e-09
-2.230044433927139189e-09
-1.651984913548603246e-09
-1.185024880925786469e-09
-8.221957224696008388e-10
-5.584975167664064359e-10
-3.686507281516385640e-10
-2.348881317683134154e-10
-1.434649725186573812e-10
-8.425030986812588215e-11
-4.882648947839075347e-11
-2.823337465581375204e-11
-1.580489240365063874e-11
-8.669754530612934694e-12
-4.768320222800634744e-12
-2.672515828659848119e-12
-1.540685755283530074e-12
-9.593899832039714590e-13
-5.988838295933013829e-13
-3.733267403308586558e-13
-2.357950482884155723e-13
-1.503774548231450555e-13
-9.645432065198657116e-14
-6.736286440808432948e-09
-5.507013530847602667e-09
-4.488112042575976615e-09
-3.594494581381675133e-09
-2.808569381052483601e-09
-2.136008527170534226e-09
-1.577870422281027323e-09
-1.129052641269660531e-09
-7.818449800732909073e-10
-5.305261740038489785e-10
-3.501460399609991731e-10
-2.233162258061145675e-10
-1.367158183837567162e-10
-8.060158167607959440e-11
-4.695502638689731374e-11
-2.731347782868029539e-11
-1.539691585394026335e-11
-8.508896355026076363e-12
-4.711601217104279272e-12
-2.654358036177529333e-12
-1.535089540004699472e-12
-9.572116722007897830e-13
-5.979946484974855053e-13
-3.729407880879672136e-13
-2.356083749189443413e-13
-1.502782069314804432e-13
-9.639699614544117067e-14
-6.556606550834213201e-09
-5.338955445251638902e-09
-4.335583666052613100e-09
-3.460210972595629034e-09
-2.694316873741303761e-09
-2.042409674419639000e-09
-1.504280493857797921e-09
-1.073725669629349175e-09
-7.421860012767434166e-10
-5.031894614437324724e-10
-3.321528545951718483e-10
-2.121107781449935443e-10
-1.301992872542430172e-10
-7.708293130210380721e-11
-4.514929183729601518e-11
-2.642419883803705849e-11
-1.500121257975811689e-11
-8.352081342301838846e-12
-4.655900960285942172e-12
-2.636342749953832603e-12
-1.529465177589494952e-12
-9.550021344819260090e-13
-5.970865625176301634e-13
-3.725453904203731442e-13
-2.354171422874680251e-13
-1.501766879271236541e-13
-9.633848519416649760e-14
-6.385128434669282036e-09
-5.176103891331742280e-09
-4.186471904030922371e-09
-3.328326253242778234e-09
-2.581967435708793466e-09
-1.950530355951877174e-09
-1.432334849608395793e-09
-1.019937936697130701e-09
-7.038763622980632216e-10
-4.769409237782996209e-10
-3.149658894978252593e-10
-2.014518479811126169e-10
-1.240179587221134487e-10
-7.374876843182877631e-11
-4.343685456102425208e-11
-2.557897918648518314e-11
-1.462368677082150039e-11
-8.201596917821783141e-12
-4.601995895643604873e-12
-2.618698372466683048e-12
-1.523871596925476053e-12
-9.527796319056851240e-13
-5.961649652810082737e-13
-3.721421343164806449e-13
-2.352219443460593545e-13
-1.500732330976456603e-13
-9.627904714235182683e-14
-6.218468101228783569e-09
-5.015820350555699793e-09
-4.038802797977633373e-09
-3.197421594836644732e-09
-2.470535684550595814e-09
-1.859694032399193090e-09
-1.361561472389551427e-09
-9.673495417079834073e-10
-6.666649850352062838e-10
-4.515943265108517707e-10
-2.984516421084307043e-10
-1.912493017829921742e-10
-1.181157251486755134e-10
-7.056726423267656725e-11
-4.180090071991942694e-11
-2.476940762605740038e-11
-1.426054979117060805e-11
-8.055919339290147577e-12
-4.549329872005320114e-12
-2.601234896706398047e-12
-1.518243618521710338e-12
-9.505161906918824751e-13
-5.952173570583188860e-13
-3.717252496177882397e-13
-2.350199511306063684e-13
-1.499663872115352268e-13
-9.621790185455811077e-14
-6.057039189446369167e-09
-4.859189163282803190e-09
-3.894064124467159371e-09
-3.069158188675631913e-09
-2.361658641106951740e-09
-1.771358604528681857e-09
-1.293148966031420674e-09
-9.168547266267604307e-10
-6.311764105334354586e-10
-4.275628221786698316e-10
-2.828695969423158052e-10
-1.816574190714772057e-10
-1.125787366435248882e-10
-6.758359971973895396e-11
-4.026426967778626930e-11
-2.400666402006854843e-11
-1.391675553818062143e-11
-7.916993920443541045e-12
-4.498575036716620343e-12
-2.584154348176362136e-12
-1.512634551365466366e-12
-9.482284750667094282e-13
-5.942486026894891235e-13
-3.712960888285860125e-13
-2.348116295335384516e-13
-1.498564161280177297e-13
-9.615527237482473146e-14
-5.898388105349533102e-09
-4.704400557979892203e-09
-3.750957073808040119e-09
-2.942620912841723614e-09
-2.254690032631912236e-09
-1.685049645361219907e-09
-1.226728994522160644e-09
-8.681565979607644368e-10
-5.971715689765713875e-10
-4.046604591992592421e-10
-2.680834024798164598e-10
-1.725832924831212480e-10
-1.073489981126651268e-10
-6.476485682608416170e-11
-3.880955803451385553e-11
-2.328202593113546192e-11
-1.358836162383453341e-11
-7.783225640287933952e-12
-4.449143505681949433e-12
-2.567252765517393286e-12
-1.506972955185315033e-12
-9.458853175042101034e-13
-5.932445750275813238e-13
-3.708480615736793095e-13
-2.345937315445965040e-13
-1.497416518881399846e-13
-9.609027165755786556e-14
-5.743734239565702720e-09
-4.553240043717718655e-09
-3.611499143633311104e-09
-2.819814301272622885e-09
-2.151440530244494582e-09
-1.602269051268341466e-09
-1.163453869911397813e-09
-8.220771875156740917e-10
-5.651985536142622118e-10
-3.832367160801077932e-10
-2.543061923957247019e-10
-1.641508118929866878e-10
-1.024946511493251284e-10
-6.214655953027536074e-11
-3.745477996655166317e-11
-2.260439447087918908e-11
-1.327937219347255729e-11
-7.656220730657352640e-12
-4.401606035380149345e-12
-2.550708136205150814e-12
-1.501308138924173912e-12
-9.435028078657438184e-13
-5.922102063450642528e-13
-3.703826103315962857e-13
-2.343667674969636372e-13
-1.496223775499940428e-13
-9.602312864890560445e-14
-5.591548437470199483e-09
-4.404638191495622167e-09
-3.474928346224918502e-09
-2.700171571456009060e-09
-2.051457873668485312e-09
-1.522627964289421534e-09
-1.102977404045729880e-09
-7.783129067929495353e-10
-5.350041550944957837e-10
-3.630938218877119696e-10
-2.413940890521764928e-10
-1.562630344840697315e-10
-9.795581561987365239e-11
-5.969497353046151539e-11
-3.618216075040370273e-11
-2.196486214713438282e-11
-1.298575169156484696e-11
-7.534337774812139035e-12
-4.355352172722363494e-12
-2.534305801824291438e-12
-1.495563641634249328e-12
-9.410471805730838365e-13
-5.911300397295857209e-13
-3.698924749477545546e-13
-2.341271487216546681e-13
-1.494967520810209862e-13
-9.595286934444780136e-14
-5.443750408661252340e-09
-4.260867123128483499e-09
-3.343529870090438109e-09
-2.585779501934067370e-09
-1.956500528092752393e-09
-1.447500277116149795e-09
-1.046299719670233684e-09
-7.375447197607188317e-10
-5.070243510992880999e-10
-3.445011564567318799e-10
-2.295074886033952876e-10
-1.490116684517320609e-10
-9.378253890599015779e-11
-5.743626115225969519e-11
-3.500513330263391330e-11
-2.137019176431648221e-11
-1.271062224941212288e-11
-7.418873124281779490e-12
-4.310863738240765085e-12
-2.518205482271404930e-12
-1.489787717395896403e-12
-9.385356196415741319e-13
-5.900099993746407811e-13
-3.693796815836232416e-13
-2.338756878814476384e-13
-1.493652080365726802e-13
-9.587979383591553385e-14
-5.299483024309917665e-09
-4.121304720819147201e-09
-3.216794858421885546e-09
-2.476176671927204142e-09
-1.866124297888692923e-09
-1.376456076423544965e-09
-9.930205864744967668e-10
-6.994225335212697657e-10
-4.809743397998991603e-10
-3.272428307965814352e-10
-2.184936027414381058e-10
-1.422961061961741057e-10
-8.991376759886916000e-11
-5.533642417441321975e-11
-3.390588100455988754e-11
-2.081146459243715157e-11
-1.244993635065658599e-11
-7.308173032532545440e-12
-4.267521153317195228e-12
-2.502187149661844925e-12
-1.483901155430451652e-12
-9.359329204571167084e-13
-5.888338996090222144e-13
-3.688366100769447238e-13
-2.336086162692116939e-13
-1.492258137954013589e-13
-9.580288260781389875e-14
-5.160991902138206221e-09
-3.988298077971149398e-09
-3.096895793149823938e-09
-2.373219111806310753e-09
-1.781804602769267729e-09
-1.310589595656446062e-09
-9.439001969295898138e-10
-6.644428138338840555e-10
-4.571608124414772836e-10
-3.115034546193613587e-10
-2.084604755698092775e-10
-1.361776633693169019e-10
-8.638311157062887427e-11
-5.341335448471952543e-11
-3.289386014463309329e-11
-2.029360985615473096e-11
-1.220607115325721205e-11
-7.203279930277880764e-12
-4.225739367359351027e-12
-2.486401355909955424e-12
-1.477955310857979251e-12
-9.332595922367437225e-13
-5.876098575509197076e-13
-3.682665038121371837e-13
-2.333273802940075946e-13
-1.490793212220782255e-13
-9.572259121124385087e-14
-5.027676467698385191e-09
-3.861284599442211792e-09
-2.983259195704983419e-09
-2.276316475477535883e-09
-1.702951361656660226e-09
-1.249341441868658238e-09
-8.984414967713265203e-10
-6.321933065122375385e-10
-4.352649463230687815e-10
-2.970511465656184000e-10
-1.992493312992843033e-10
-1.305544422162823941e-10
-8.312989848446565571e-11
-5.163367182100766719e-11
-3.195167339256922981e-11
-1.980792747859304049e-11
-1.197507174626679696e-11
-7.102571389746210660e-12
-4.184907069734157835e-12
-2.470629695305549462e-12
-1.471871231607274545e-12
-9.304805313007417480e-13
-5.863217584883342523e-13
-3.676617952651704125e-13
-2.330282453763282272e-13
-1.489238182074705618e-13
-9.563791002993807366e-14
-4.901612794803517860e-09
-3.742243269667358397e-09
-2.877596105554747425e-09
-2.186847831190753171e-09
-1.630603846634701416e-09
-1.193445389424037436e-09
-8.571319004261177521e-10
-6.029799030563077583e-10
-4.154696831853267843e-10
-2.839938951673311409e-10
-1.909230081375689016e-10
-1.254624793630719712e-10
-8.017447623712058152e-11
-5.000874672755606874e-11
-3.108569127439567441e-11
-1.935794386143178996e-11
-1.175875827278029767e-11
-7.006910138300006999e-12
-4.145400043756137526e-12
-2.455024052946083813e-12
-1.465707768378120060e-12
-9.276218298264446693e-13
-5.849811004003568567e-13
-3.670275663958012264e-13
-2.327136163835739900e-13
-1.487605425642854130e-13
-9.554953306169666883e-14
-4.782038942319181580e-09
-3.630344119712861464e-09
-2.779042236758852830e-09
-2.103957190577779800e-09
-1.563958800191876201e-09
-1.142190852129063040e-09
-8.193800967228152047e-10
-5.763399820888606007e-10
-3.974346161107397028e-10
-2.720934436709368363e-10
-1.833231542325811564e-10
-1.208024385895144432e-10
-7.745866515084695216e-11
-4.850688929797764025e-11
-3.027946211603012767e-11
-1.893543094767171798e-11
-1.155338079929977692e-11
-6.914750934056497932e-12
-4.106633030112455178e-12
-2.439374530146732435e-12
-1.459389074420782503e-12
-9.246499108180314735e-13
-5.835725710844072628e-13
-3.663566780667139752e-13
-2.323799877927398531e-13
-1.485877020080424414e-13
-9.545651116222354771e-14
-4.670466469302573518e-09
-3.526909990378525635e-09
-2.688665370774941504e-09
-2.028453117013795066e-09
-1.503589966914486702e-09
-1.095960199456401375e-09
-7.854268080489203028e-10
-5.524178067506055343e-10
-3.812433920986611533e-10
-2.613989649944987194e-10
-1.764791702669657637e-10
-1.165922409886325764e-10
-7.499355898159303136e-11
-4.713501362536017050e-11
-2.953728189315173962e-11
-1.854298924904372419e-11
-1.136040531483458740e-11
-6.826853901137448836e-12
-4.068969514826460316e-12
-2.423843435886652337e-12
-1.452984830359962846e-12
-9.215980453821389377e-13
-5.821118595314780892e-13
-3.656564699978014089e-13
-2.320309419943815094e-13
-1.484071328149971742e-13
-9.535983274181994506e-14
-4.565742231616429412e-09
-3.430714241008554750e-09
-2.605259808807131047e-09
-1.959217076132304877e-09
-1.448514145362416523e-09
-1.053935117040294785e-09
-7.546270700528312868e-10
-5.307319956819043100e-10
-3.665555607511101831e-10
-2.516792525021941307e-10
-1.702409075302796269e-10
-1.127393197870887363e-10
-7.272559239419586012e-11
-4.586413067689093282e-11
-2.884411953760203828e-11
-1.817308471057291983e-11
-1.117638246063930153e-11
-6.741788483353889283e-12
-4.031863918003899029e-12
-2.408234142629122910e-12
-1.446424036092302295e-12
-9.184349915814872675e-13
-5.805848517705956600e-13
-3.649204304000180212e-13
-2.316633051628068290e-13
-1.482172153451241988e-13
-9.525863581147154158e-14
-4.468700988936788519e-09
-3.342401777838197410e-09
-2.529289686911634871e-09
-1.896561613312179910e-09
-1.398926536755660677e-09
-1.016228971051434113e-09
-7.270429468443750465e-10
-5.113156813054171894e-10
-3.533897395405784456e-10
-2.429465368658400252e-10
-1.646175310453922589e-10
-1.092509917437068904e-10
-7.066059582531140972e-11
-4.469867746811883119e-11
-2.820314029545995165e-11
-1.782782725531389146e-11
-1.100260359709376680e-11
-6.660276672513272198e-12
-3.995687391176850557e-12
-2.392724653477710628e-12
-1.439788445223673533e-12
-9.152016046182956641e-13
-5.790115836205501712e-13
-3.641582298586910692e-13
-2.312818753922648307e-13
-1.480204038284505587e-13
-9.515421245562950157e-14
-4.377845941681506235e-09
-3.260448218497574252e-09
-2.459327081687059101e-09
-1.839223968589230114e-09
-1.353767476255875641e-09
-9.819969800638177177e-10
-7.020337516361198872e-10
-4.937064262332831165e-10
-3.414279363862960100e-10
-2.349893642548492824e-10
-1.594738641415192815e-10
-1.060448481137223901e-10
-6.875120434240201064e-11
-4.361307206263544199e-11
-2.760104855538311672e-11
-1.750051781970964865e-11
-1.083597748938160951e-11
-6.581023179989594630e-12
-3.959940188195552968e-12
-2.377132953697926353e-12
-1.433011990917462073e-12
-9.118688882601373765e-13
-5.773790526372830908e-13
-3.633639294842018612e-13
-2.308837806219698685e-13
-1.478152356545751465e-13
-9.504577998732022729e-14
-4.293516248044943651e-09
-3.185030758070421088e-09
-2.395439277409842575e-09
-1.787205141822554067e-09
-1.313005338998563163e-09
-9.511991414426177515e-10
-6.795649627492096749e-10
-4.778806466067846778e-10
-3.306575798638831884e-10
-2.278032905497592055e-10
-1.548104695015511795e-10
-1.031239510847348839e-10
-6.700124246314678171e-11
-4.261084324823214304e-11
-2.704060819998349516e-11
-1.719310284699290802e-11
-1.067774944584646149e-11
-6.504753411679374305e-12
-3.925010716909161513e-12
-2.361653112906056741e-12
-1.426187311829157602e-12
-9.084843514040753440e-13
-5.757110745927929715e-13
-3.625492231643546635e-13
-2.304748737256944536e-13
-1.476046999360078902e-13
-9.493489185728408952e-14
-4.214115028120933000e-09
-3.114560894606441529e-09
-2.336177824703084575e-09
-1.739259365783179995e-09
-1.275623531281247135e-09
-9.230463459602340466e-10
-6.590524409956423820e-10
-4.634255324116407985e-10
-3.207997043115291985e-10
-2.212051084181872571e-10
-1.505112187510681032e-10
-1.004178516220626013e-10
-6.537026751599979802e-11
-4.167008351785836059e-11
-2.651035791921913818e-11
-1.689975467493041589e-11
-1.052519686703380665e-11
-6.430308108550626582e-12
-3.890443053520943830e-12
-2.346115608833855145e-12
-1.419251785134741114e-12
-9.050203197832163359e-13
-5.739952278158542209e-13
-3.617084573940861048e-13
-2.300524321935546397e-13
-1.473874121412962240e-13
-9.482080476355865290e-14
-4.139805893817235547e-09
-3.049047573962571153e-09
-2.281468742393953082e-09
-1.695279997758813235e-09
-1.241516076506093298e-09
-8.974523001091806514e-10
-6.404358884597710940e-10
-4.503049114832306774e-10
-3.118365437588350799e-10
-2.151885965643865205e-10
-1.465763042319650039e-10
-9.792969836589819821e-11
-6.386225393998599993e-11
-4.079441950407474731e-11
-2.601311240719617667e-11
-1.662244973775007913e-11
-1.037958795824983599e-11
-6.358432763941806482e-12
-3.856642284733151251e-12
-2.330726642768234746e-12
-1.412305774434301410e-12
-9.015289756204205082e-13
-5.722579803155232709e-13
-3.608547471242548389e-13
-2.296230484374830139e-13
-1.471667336349978839e-13
-9.470525124490791168e-14
-4.069158425322846476e-09
-2.987066616097342786e-09
-2.230022662072301238e-09
-1.654169654283979951e-09
-1.209798432203256499e-09
-8.737391316625325037e-10
-6.232195074811126467e-10
-4.381720075167973463e-10
-3.035355991530173161e-10
-2.096017649271953718e-10
-1.429095502369931774e-10
-9.560107942216064123e-11
-6.244352190354143199e-11
-3.996545921818514690e-11
-2.553914113441797231e-11
-1.635617316625646907e-11
-1.023853817202846217e-11
-6.288088603506437314e-12
-3.823188172263225027e-12
-2.315324763732167308e-12
-1.405287674828644198e-12
-8.979825707957334169e-13
-5.704867141374006360e-13
-3.599823074938585233e-13
-2.291839289725996998e-13
-1.469412433395213539e-13
-9.458746927852210893e-14
-4.002434025984442374e-09
-2.928703896614139681e-09
-2.181824930624992089e-09
-1.615867303038339951e-09
-1.180399784447901765e-09
-8.518476610922452928e-10
-6.073635357734247185e-10
-4.270055868067762176e-10
-2.958893759100509848e-10
-2.044451014623308753e-10
-1.395152744796683360e-10
-9.343750128085855392e-11
-6.111927361059839256e-11
-3.918740498609497482e-11
-2.509151056279414016e-11
-1.610300803767159771e-11
-1.010335815823778269e-11
-6.220039047138952379e-12
-3.790495251928384734e-12
-2.300122064343544537e-12
-1.398301544795327378e-12
-8.944355574824261417e-13
-5.687092053943706684e-13
-3.591049602914297756e-13
-2.287420324101059699e-13
-1.467144828603920113e-13
-9.446927400388454526e-14
-3.938527527081942549e-09
-2.872831241768154432e-09
-2.135843108919421228e-09
-1.579490083536255886e-09
-1.152607624114458777e-09
-8.312322796697416841e-10
-5.924694727612818499e-10
-4.165271680583045770e-10
-2.887110639831510266e-10
-1.995961897220173719e-10
-1.363156737488523768e-10
-9.139139503347325093e-11
-5.986182024751051233e-11
-3.844494230983034211e-11
-2.466199259666548500e-11
-1.585863899328344226e-11
-9.971949720768529280e-12
-6.153343541242394640e-12
-3.758169325087647161e-12
-2.284960716289697681e-12
-1.391284582689251578e-12
-8.908588792062285201e-13
-5.669119605332861835e-13
-3.582164260277633470e-13
-2.282943025210656501e-13
-1.464848956041741344e-13
-9.434983524910233906e-14
-3.877931462947813166e-09
-2.819738985379501316e-09
-2.092228242611993120e-09
-1.545103824227366519e-09
-1.126443551616507356e-09
-8.118983243880999062e-10
-5.785408770086406337e-10
-4.067434313034181260e-10
-2.820103828809629829e-10
-1.950658570967043001e-10
-1.333210260563466862e-10
-8.947151264667413437e-11
-5.867799854198925433e-11
-3.774302620972306786e-11
-2.425397947975694538e-11
-1.562528330368257550e-11
-9.845671636943883937e-12
-6.088780632843226997e-12
-3.726629786605521826e-12
-2.270054933208843485e-12
-1.384342116322557660e-12
-8.873078153479504687e-13
-5.651232650131956167e-13
-3.573308184978133321e-13
-2.278478559959957327e-13
-1.462561034688127667e-13
-9.423100597116707230e-14
-3.819902043026671234e-09
-2.768629315429272546e-09
-2.050229564251295964e-09
-1.512054403144645304e-09
-1.101372525483781618e-09
-7.934320500662515331e-10
-5.652732182870460833e-10
-3.974400677060105883e-10
-2.756425216958331642e-10
-1.907584751747461445e-10
-1.304700232634640658e-10
-8.763998836110844948e-11
-5.754549787590559222e-11
-3.706913644096503421e-11
-2.386063531554745467e-11
-1.539929355125044580e-11
-9.722713040078225857e-12
-6.025517679244306362e-12
-3.695517241609441371e-12
-2.255256209426632709e-12
-1.377413344789673534e-12
-8.837538043580647902e-13
-5.633297384128275654e-13
-3.564418973973730672e-13
-2.273996683941174372e-13
-1.460265806513981636e-13
-9.411198354761918018e-14
