-3.522406342134528270e-09
-2.386613754328910613e-09
-1.667264159506017470e-09
-1.167415906594268357e-09
-8.132155733166212230e-10
-5.659674110018106432e-10
-3.935589823191568630e-10
-2.723528000033673061e-10
-1.870212417171975699e-10
-1.286042117513950308e-10
-8.748592038231235527e-11
-5.846539713997036402e-11
-3.823117663197483534e-11
-2.461083515704180976e-11
-1.593718962934326453e-11
-1.043416860299351227e-11
-6.748241600713733726e-12
-4.326800615087356788e-12
-2.766420706707090842e-12
-1.766394411254218168e-12
-1.127768016057768654e-12
-7.486090409836683504e-13
-4.921667555068491617e-13
-3.200924218610944263e-13
-2.088336429109395844e-13
-1.365633910658304828e-13
-8.932425038334740803e-14
-3.536869863651001728e-09
-2.402928563623319803e-09
-1.683004858421210634e-09
-1.181363006580258859e-09
-8.247700130022709339e-10
-5.749831821387331842e-10
-4.002208915757053690e-10
-2.770231741719477145e-10
-1.901298190282887748e-10
-1.306000523066588827e-10
-8.871327756668517324e-11
-5.918303409037026022e-11
-3.862706606612760933e-11
-2.481833517542338146e-11
-1.604459698823578361e-11
-1.048990235969235080e-11
-6.775873991744937186e-12
-4.339967889287402530e-12
-2.772569095147876116e-12
-1.769244941131002058e-12
-1.129096225086427194e-12
-7.492927139876010096e-13
-4.925132397971825849e-13
-3.202649452583048951e-13
-2.089213410156862525e-13
-1.366090615395890347e-13
-8.934874710492232238e-14
-3.554834798442576584e-09
-2.422136118986340365e-09
-1.700976723758754738e-09
-1.196936628524442845e-09
-8.374442432647555490e-10
-5.847301763343413417e-10
-4.073375769495265274e-10
-2.819629430491927677e-10
-1.933905676384744662e-10
-1.326801905944177210e-10
-8.998578200359248320e-11
-5.992380245641770763e-11
-3.903422841183474248e-11
-2.503116858025351116e-11
-1.615460184908716995e-11
-1.054696183447257023e-11
-6.804177254438626348e-12
-4.353473827707952859e-12
-2.778889650144535561e-12
-1.772183493548968075e-12
-1.130469735239778028e-12
-7.500016079303497146e-13
-4.928735465699963613e-13
-3.204448683585650774e-13
-2.090129862468293923e-13
-1.366568116959299303e-13
-8.937430865853384760e-14
-3.577153352611432800e-09
-2.444893730893202955e-09
-1.721673408173773187e-09
-1.214497164180385794e-09
-8.514933907106878656e-10
-5.953842380081945104e-10
-4.150271886495496950e-10
-2.872492457776416579e-10
-1.968522898031053856e-10
-1.348749896214980945e-10
-9.132174935896251924e-11
-6.069829539286358907e-11
-3.945848048610972182e-11
-2.525238480687603924e-11
-1.626878759135834440e-11
-1.060617214798595724e-11
-6.833562559327778587e-12
-4.367515361472370364e-12
-2.785474656390810037e-12
-1.775252864652875243e-12
-1.131908401954756081e-12
-7.507458714308559591e-13
-4.932527658128528228e-13
-3.206346854334174240e-13
-2.091098157747140860e-13
-1.367072621755013372e-13
-8.940125116715735231e-14
-3.604152908480741507e-09
-2.471303629973834391e-09
-1.745075334564264763e-09
-1.233965372021355912e-09
-8.668187431595680159e-10
-6.068518794135647501e-10
-4.232130455086198119e-10
-2.928251133419100670e-10
-2.004759274899202809e-10
-1.371591250141024732e-10
-9.270563428226319175e-11
-6.149751356595961161e-11
-3.989493951023932202e-11
-2.547947936121286015e-11
-1.638588760058661201e-11
-1.066689108099298797e-11
-6.863719829891000680e-12
-4.381949187610195825e-12
-2.792259450191363615e-12
-1.778424178440152479e-12
-1.133399310211178325e-12
-7.515191067002111245e-13
-4.936478090373884034e-13
-3.208329518872866257e-13
-2.092111440316797151e-13
-1.367600787314677917e-13
-8.942940391441344852e-14
-3.636940671049480793e-09
-2.502190209264108203e-09
-1.771786825167340252e-09
-1.255773954570379178e-09
-8.837216437265415004e-10
-6.193380140687048537e-10
-4.320313111430237613e-10
-2.987786287557435735e-10
-2.043167818234373310e-10
-1.395668044956608976e-10
-9.415797931417117528e-11
-6.233329794831461162e-11
-4.035009306163879505e-11
-2.571585089521599309e-11
-1.650766847990146721e-11
-1.073004179860022261e-11
-6.895111343669804535e-12
-4.396998379494777286e-12
-2.799349649835553810e-12
-1.781747065458312786e-12
-1.134965859475907444e-12
-7.523334598503409384e-13
-4.940648826143969668e-13
-3.210427783744921943e-13
-2.093185521057160641e-13
-1.368160750946654268e-13
-8.945919152958040509e-14
-3.675842972587381863e-09
-2.537621338586262662e-09
-1.801748917107443753e-09
-1.279809494954992558e-09
-9.020777642207960927e-10
-6.327319218462644572e-10
-4.413946745190488652e-10
-3.050467605558849524e-10
-2.083325887402120973e-10
-1.420710797457422154e-10
-9.566246771320354286e-11
-6.319631428254731040e-11
-4.081892957498065272e-11
-2.595895120671480226e-11
-1.663284939534482968e-11
-1.079497729625398958e-11
-6.927425460991970886e-12
-4.412519081333424818e-12
-2.806680368761523097e-12
-1.785192562636951155e-12
-1.136595110357544486e-12
-7.531825327898151630e-13
-4.945009078279856372e-13
-3.212627331982744383e-13
-2.094313670465950826e-13
-1.368749279804269829e-13
-8.949045234675735382e-14
-3.722251396421608062e-09
-2.578601074737413272e-09
-1.835681490819668399e-09
-1.306578022043157744e-09
-9.222338482579719153e-10
-6.472661066668243538e-10
-4.514557759451074694e-10
-3.117272143296166624e-10
-2.125841325003112350e-10
-1.447092776337160176e-10
-9.724138007871939282e-11
-6.409933957485626560e-11
-4.130841911793138795e-11
-2.621241940389109310e-11
-1.676331792823251573e-11
-1.086268297789721506e-11
-6.961155527884046024e-12
-4.428749508698301540e-12
-2.814364546881439362e-12
-1.788813838808008144e-12
-1.138312184557555260e-12
-7.540793912640177284e-13
-4.949625759442892888e-13
-3.214961780652217699e-13
-2.095513007987323384e-13
-1.369375191963547936e-13
-8.952364586337766565e-14
-3.776454979836603682e-09
-2.625136312545471109e-09
-1.873468639357637473e-09
-1.335921142132659788e-09
-9.440337155407079088e-10
-6.628091533956478078e-10
-4.621147756954640856e-10
-3.187498471007070489e-10
-2.170253483753067869e-10
-1.474524708472627319e-10
-9.887741227729006098e-11
-6.503257415374107478e-11
-4.181334457086942014e-11
-2.647361974195867101e-11
-1.689775410930294524e-11
-1.093249280636932545e-11
-6.995980412184132601e-12
-4.445540915308916922e-12
-2.822334703131899304e-12
-1.792580537405545636e-12
-1.140103390173407648e-12
-7.550172020111311775e-13
-4.954465602737309351e-13
-3.217415429808254106e-13
-2.096776035158048740e-13
-1.370034830511516163e-13
-8.955858747767781531e-14
-3.840174195230216109e-09
-2.678433722166578189e-09
-1.915958457832175751e-09
-1.368425179675723727e-09
-9.678732542891267843e-10
-6.796231298813509306e-10
-4.735418124714032901e-10
-3.262225072626076837e-10
-2.217227698496231601e-10
-1.503412510412901157e-10
-1.005946675184705373e-10
-6.600978224169473381e-11
-4.234118994685291666e-11
-2.674645097700652888e-11
-1.703817811952024604e-11
-1.100546138863729441e-11
-7.032428526225175769e-12
-4.463148861563385746e-12
-2.830712276022346227e-12
-1.796549980857288979e-12
-1.141995889902951632e-12
-7.560101285797014452e-13
-4.959601356407820413e-13
-3.220024945891723756e-13
-2.098121475137515488e-13
-1.370737854484661972e-13
-8.959578010025457230e-14
-3.913619557800963171e-09
-2.738412151122498278e-09
-1.962961843909945795e-09
-1.403877789123855459e-09
-9.935599423560645061e-10
-6.975538815303754866e-10
-4.856236672154642155e-10
-3.340676179377893725e-10
-2.266264169921688904e-10
-1.533446668591818548e-10
-1.023748330747318869e-10
-6.702068678942640935e-11
-4.288652531353730261e-11
-2.702818559947260011e-11
-1.718322858050711251e-11
-1.108090251561501114e-11
-7.070168741364576141e-12
-4.481419519259464929e-12
-2.839427130682725260e-12
-1.800690407832784764e-12
-1.143975242191123629e-12
-7.570509073650514901e-13
-4.964997314890862983e-13
-3.222773273634072657e-13
-2.099541076658164037e-13
-1.371480191274789234e-13
-8.963501654951582228e-14
-3.998881988898166186e-09
-2.806502496288347686e-09
-2.015467279454482814e-09
-1.442952497403297288e-09
-1.021542670998250118e-09
-7.168951681015487018e-10
-4.985491321934123431e-10
-3.424037851890802876e-10
-2.318088972204571284e-10
-1.565067538284145243e-10
-1.042439370574906921e-10
-6.808009909143614233e-11
-4.345738390010405329e-11
-2.732300267980012074e-11
-1.733507039298122003e-11
-1.115994709318960095e-11
-7.109768537419852611e-12
-4.500627974791403892e-12
-2.848610368613086591e-12
-1.805063908997969542e-12
-1.146070975309798264e-12
-7.581549849821207875e-13
-4.970733113412277166e-13
-3.225700719951073407e-13
-2.101055501552830220e-13
-1.372272530577647833e-13
-8.967685384120858644e-14
-4.096040704809062302e-09
-2.882504252763413178e-09
-2.073194912509525055e-09
-1.485373915404630262e-09
-1.051588348706052097e-09
-7.374683371741698607e-10
-5.121909596058093563e-10
-3.511457875957220369e-10
-2.372162499655740639e-10
-1.597945073603389215e-10
-1.061826378736027049e-10
-6.917724861225065665e-11
-4.404811106241035149e-11
-2.762807519972789595e-11
-1.749229620948656278e-11
-1.124188621801214026e-11
-7.150885505654558063e-12
-4.520614714150512851e-12
-2.858188934616392399e-12
-1.809637207467146748e-12
-1.148267854826024012e-12
-7.593146494059851445e-13
-4.976770539746000860e-13
-3.228788853389997348e-13
-2.102655742052994460e-13
-1.373110386074084577e-13
-8.972106253311587877e-14
-4.207591625267865531e-09
-2.968090351225425418e-09
-2.137283575800335074e-09
-1.531908368673372608e-09
-1.084201933952789629e-09
-7.596004657716631930e-10
-5.267574157335686982e-10
-3.604233724312816728e-10
-2.429273197066373574e-10
-1.632554740457155308e-10
-1.082189160750870713e-10
-7.032800604192922005e-11
-4.466729596738364385e-11
-2.794786689653653416e-11
-1.765721858194384333e-11
-1.132792901009201182e-11
-7.194127372859888533e-12
-4.541675038070538996e-12
-2.868303980306534961e-12
-1.814477375590527045e-12
-1.150597892166050465e-12
-7.605467001544417885e-13
-4.983196531710011606e-13
-3.232081868048046338e-13
-2.104364546102577271e-13
-1.374005565806783677e-13
-8.976825892751511496e-14
-4.333417072598454811e-09
-3.062904847932637148e-09
-2.207343335962783658e-09
-1.582207755386307084e-09
-1.119105378993668374e-09
-7.830865768269615338e-10
-5.421064990279767777e-10
-3.701433716707054814e-10
-2.488840078237190335e-10
-1.668544886731823852e-10
-1.103323219961899977e-10
-7.152105097900571161e-11
-4.530902217882041603e-11
-2.827942887995389962e-11
-1.782837141726878620e-11
-1.141733677524925203e-11
-7.239136725302913618e-12
-4.563641884499164038e-12
-2.878878626927587263e-12
-1.819549190698521022e-12
-1.153044856291222189e-12
-7.618428709472100668e-13
-4.989969828033479204e-13
-3.235559683018990682e-13
-2.106172010495015726e-13
-1.374953099333780016e-13
-8.981818779961143296e-14
-4.476438969323567744e-09
-3.168872492991889286e-09
-2.284668220946779413e-09
-1.637133467392268928e-09
-1.156860599889922174e-09
-8.082872551048820362e-10
-5.584658125879962437e-10
-3.804464160924648477e-10
-2.551711330149201256e-10
-1.706423955541939089e-10
-1.125526369651039436e-10
-7.277321630746884302e-11
-4.598237809389901824e-11
-2.862747889896494591e-11
-1.800819876437058943e-11
-1.151138832824757584e-11
-7.286557218691778898e-12
-4.586828648426152552e-12
-2.890063050994749764e-12
-1.824924215155330012e-12
-1.155643006804715710e-12
-7.632211922090385885e-13
-4.997184054239313194e-13
-3.239270082286354148e-13
-2.108102827649765443e-13
-1.375965847149370890e-13
-8.987152181915265639e-14
-4.636261032365340448e-09
-3.285438651224157579e-09
-2.368735210409768105e-09
-1.696252962868674733e-09
-1.197138934163186637e-09
-8.349685004824191778e-10
-5.756772409660833975e-10
-3.912306208119757131e-10
-2.617259638536674655e-10
-1.745815265194798631e-10
-1.148580681661580710e-10
-7.407247769307167870e-11
-4.668109095129805187e-11
-2.898889189333574020e-11
-1.819514559188117862e-11
-1.160929860374579029e-11
-7.336007749322298228e-12
-4.611056349322132614e-12
-2.901774400423538869e-12
-1.830564235460255257e-12
-1.158374608432255608e-12
-7.646725735841727272e-13
-5.004793483499447512e-13
-3.243190604002057404e-13
-2.110145817977136699e-13
-1.377038156508096005e-13
-8.992796976847480314e-14
-4.816223775339314972e-09
-3.414771546937783022e-09
-2.460986225649328751e-09
-1.760516816308068074e-09
-1.240554732704297027e-09
-8.635210216832239622e-10
-5.939852367767078595e-10
-4.026457101817062664e-10
-2.686380450733245900e-10
-1.787251802316897959e-10
-1.172796532774668356e-10
-7.543629751471273697e-11
-4.741455727037831807e-11
-2.936853560200083910e-11
-1.839173162964294636e-11
-1.171238606790211108e-11
-7.388152336137114841e-12
-4.636648663544608019e-12
-2.914168017456131355e-12
-1.836543412618587447e-12
-1.161275241869651614e-12
-7.662157812745547321e-13
-5.012895829135549642e-13
-3.247371287703515775e-13
-2.112326931491307722e-13
-1.378183588120006494e-13
-8.998824286725040890e-14
-5.015543050841799346e-09
-3.556058934410893272e-09
-2.560732190678452444e-09
-1.829389732231956284e-09
-1.286718634487767886e-09
-8.936760926367293101e-10
-6.132121706743648302e-10
-4.145789436036684448e-10
-2.758386181517992919e-10
-1.830322599875029031e-10
-1.197936543223312272e-10
-7.685157206580990894e-11
-4.817592656834386535e-11
-2.976298507721170099e-11
-1.859624515598370629e-11
-1.181978232849117280e-11
-7.442566867220494046e-12
-4.663404951586846779e-12
-2.927150260802830414e-12
-1.842818184002149429e-12
-1.164324512078348126e-12
-7.678402821480300139e-13
-5.021437627374485663e-13
-3.251785589989492342e-13
-2.114632821448865276e-13
-1.379395340891214020e-13
-9.005198975784643519e-14
-5.237906703594839615e-09
-3.711661608049398016e-09
-2.669526508762118782e-09
-1.903885848619940189e-09
-1.336279772873683423e-09
-9.258425529445398136e-10
-6.336112845570785755e-10
-4.271837981634260222e-10
-2.834184830636547780e-10
-1.875562889600477125e-10
-1.224309739905485996e-10
-7.833556050081043401e-11
-4.897443003506066879e-11
-3.017700086414591135e-11
-1.881114322603267764e-11
-1.193277074341716530e-11
-7.499896826163983038e-12
-4.691639566870367306e-12
-2.940871919532174258e-12
-1.849460529334611776e-12
-1.167556968324811790e-12
-7.695643157484852536e-13
-5.030514003444162800e-13
-3.256482345122186021e-13
-2.117088892013270273e-13
-1.380686738105389965e-13
-9.011991200178061875e-14
-5.481969754359953375e-09
-3.880409174133646584e-09
-2.786452647512554622e-09
-1.983329381364007331e-09
-1.388764929636250748e-09
-9.597025724596812916e-10
-6.549763744339864963e-10
-4.403309226227900948e-10
-2.912992022935221546e-10
-1.922504154263074543e-10
-1.251644762222713497e-10
-7.987320432740711361e-11
-4.980213671280526095e-11
-3.060658206815950413e-11
-1.903440764015877470e-11
-1.205031820936150759e-11
-7.559632599306243112e-12
-4.721108763609993136e-12
-2.955217932420872360e-12
-1.856416313212119074e-12
-1.170946986359415528e-12
-7.713745260703789432e-13
-5.040056437237633695e-13
-3.261427112751538856e-13
-2.119677626265695393e-13
-1.382048780195889430e-13
-9.019154359080730131e-14
-5.751544500362324506e-09
-4.064701285271327308e-09
-2.913068375011575205e-09
-2.068724451455539306e-09
-1.444808587864441573e-09
-9.956504836957536804e-10
-6.775482509196675348e-10
-4.541639950922614744e-10
-2.995643461222537391e-10
-1.971631005247969851e-10
-1.280217061356353159e-10
-8.147966160318463031e-11
-5.066704364243476348e-11
-3.105580367602261729e-11
-1.926812170322962963e-11
-1.217350468899211191e-11
-7.622313428241740631e-12
-4.752073293271185663e-12
-2.970312549146289377e-12
-1.863744504464564443e-12
-1.174522744750943568e-12
-7.732857550142115556e-13
-5.050142239232682270e-13
-3.266659595725498048e-13
-2.122419731988088054e-13
-1.383492383604396954e-13
-9.026746421934430723e-14
-6.044384634785732755e-09
-4.262794990155686991e-09
-3.048089601687799426e-09
-2.159163366397293565e-09
-1.503794770250703332e-09
-1.033281712548724351e-09
-7.010682866724356911e-10
-4.685221442942062735e-10
-3.081166226118161718e-10
-2.022360870594368181e-10
-1.309687087052325980e-10
-8.313590978023430682e-11
-5.155900700072224129e-11
-3.151947427316782648e-11
-1.950962909475126904e-11
-1.230095249986595901e-11
-7.687250282119594971e-12
-4.784198841462820656e-12
-2.985995714026660723e-12
-1.871368782623921789e-12
-1.178247663448333710e-12
-7.752787415924128532e-13
-5.060671454469871290e-13
-3.272128903078959185e-13
-2.125289024435601670e-13
-1.385003989081203234e-13
-9.034697052024493578e-14
-6.363831923611247844e-09
-4.476722281050715883e-09
-3.192797804261269831e-09
-2.255449405891899057e-09
-1.566216709898061798e-09
-1.072893837203562650e-09
-7.257124826903465784e-10
-4.835066321635909802e-10
-3.170125061707808579e-10
-2.075006971404360773e-10
-1.340224557003981699e-10
-8.485081884108770634e-11
-5.248245406841625455e-11
-3.199972517001856956e-11
-1.975996341717647296e-11
-1.243317237314179952e-11
-7.754685308685127499e-12
-4.817596090681623961e-12
-3.002317181516001033e-12
-1.879311457343753125e-12
-1.182131876627859138e-12
-7.773586447290751424e-13
-5.071670183442153468e-13
-3.277848180496726110e-13
-2.128292364746257989e-13
-1.386587309665431790e-13
-9.043027145252663255e-14
-6.705946587761289746e-09
-4.703645680513678513e-09
-3.345189755188768767e-09
-2.356208555181716638e-09
-1.631162736857915343e-09
-1.113897673904702578e-09
-7.511083957118260261e-10
-4.988874488157943122e-10
-3.261133198352616327e-10
-2.128737694941612218e-10
-1.371341999366960392e-10
-8.659681196241968388e-11
-5.342247832043476740e-11
-3.248880225461896437e-11
-2.001509237425504373e-11
-1.256804220205848004e-11
-7.823541201757709415e-12
-4.851734479407074643e-12
-3.019019326712732598e-12
-1.887448081151084772e-12
-1.186115033186128465e-12
-7.794933917753128644e-13
-5.082970283166361657e-13
-3.283730865543453117e-13
-2.131384781245830962e-13
-1.388218908293136507e-13
-9.051614966132623716e-14
-7.072082904327657114e-09
-4.944199694587752553e-09
-3.505564446785072192e-09
-2.461566805168830401e-09
-1.698671821936750480e-09
-1.156293266928711507e-09
-7.772414361961645618e-10
-5.146466871782220423e-10
-3.354027536661850857e-10
-2.183422954490625048e-10
-1.402943828090711447e-10
-8.836733874244986802e-11
-5.437488942479689124e-11
-3.298418640842324336e-11
-2.027354738732064346e-11
-1.270471716230486210e-11
-7.893352449254893926e-12
-4.886366870270964133e-12
-3.035974016285226477e-12
-1.895713264297163853e-12
-1.190163999839701784e-12
-7.816648637537090488e-13
-5.094474313584751111e-13
-3.289725739140559286e-13
-2.134539398085489733e-13
-1.389884848339845485e-13
-9.060390032489058898e-14
-7.454637748943308946e-09
-5.193134906284621074e-09
-3.670305782282038007e-09
-2.569086463093060971e-09
-1.767147767106885593e-09
-1.199059876962757892e-09
-8.034724285996651001e-10
-5.303931738729995486e-10
-3.446468185005473114e-10
-2.237665803193729707e-10
-1.434211319850512064e-10
-9.011587259807304084e-11
-5.531430463081773586e-11
-3.347250385998665938e-11
-2.052827962042576274e-11
-1.283944174446562075e-11
-7.962188749938333957e-12
-4.920531020869132341e-12
-3.052708764488024717e-12
-1.903876477662994635e-12
-1.194165987938146883e-12
-7.838127109622405654e-13
-5.105863557236326900e-13
-3.295667432242395968e-13
-2.137669723343317945e-13
-1.391539856351252696e-13
-9.069116959147046406e-14
-7.849275396263790393e-09
-5.447191689016339941e-09
-3.837029701916399885e-09
-2.677077501232916480e-09
-1.835433908537310362e-09
-1.241429692162883728e-09
-8.293055026488679810e-10
-5.458152937332678238e-10
-3.536543862017813013e-10
-2.290295727755157853e-10
-1.464438189277675917e-10
-9.180089360153650846e-11
-5.621718852984596557e-11
-3.394085245796345569e-11
-2.077224422628798682e-11
-1.296835052341112505e-11
-8.028006732422029070e-12
-4.953181158403352038e-12
-3.068697936474147872e-12
-1.911676115759108139e-12
-1.197990921314693031e-12
-7.858665819960474506e-13
-5.116762822134616182e-13
-3.301359648008391100e-13
-2.140672622244159746e-13
-1.393129984177741136e-13
-9.077517494424176832e-14
-8.240071602138886564e-09
-5.695591349386316969e-09
-3.998396944711671003e-09
-2.780633950005308184e-09
-1.900341007513286450e-09
-1.281378316580553155e-09
-8.534842238044335050e-10
-5.601524059986436099e-10
-3.619757836605111400e-10
-2.338653510958211198e-10
-1.492074920865665392e-10
-9.333445836167701061e-11
-5.703539888357724100e-11
-3.436368126934273526e-11
-2.099185701247685557e-11
-1.308414638940523896e-11
-8.087024492097296747e-12
-4.982416857414684127e-12
-3.083001581656126288e-12
-1.918650643469961676e-12
-1.201411734887030574e-12
-7.877044679352354984e-13
-5.126524856253651456e-13
-3.306464956360234501e-13
-2.143370893605966868e-13
-1.394562228589717874e-13
-9.085107748336899218e-14
-8.609184967481969006e-09
-5.925935006021807412e-09
-4.145785637731267773e-09
-2.873882558200651214e-09
-1.957985179925672664e-09
-1.316405102655568123e-09
-8.744394426906713141e-10
-5.724465540724450330e-10
-3.690405704440464297e-10
-2.379339457286159117e-10
-1.515120314550275749e-10
-9.460146767307386780e-11
-5.770489056480238335e-11
-3.470638874277668407e-11
-2.116842072287339458e-11
-1.317664797029983500e-11
-8.133896446220137481e-12
-5.005519316831233472e-12
-3.094260624812519334e-12
-1.924126727796095773e-12
-1.204094771799472917e-12
-7.891462384957136882e-13
-5.134190041628537579e-13
-3.310481333783670884e-13
-2.145500428123814655e-13
-1.395698041340387163e-13
-9.091169474075716315e-14
-8.924497718512380727e-09
-6.116623899410039402e-09
-4.264545729472180938e-09
-2.947059092960250113e-09
-2.002037091216964980e-09
-1.342506494284682071e-09
-8.896981710468142855e-10
-5.812098033700914351e-10
-3.739751084033400690e-10
-2.407215299009072406e-10
-1.530589517601108774e-10
-9.543254269750646197e-11
-5.813268147452007518e-11
-3.491937458983866284e-11
-2.127541597412493736e-11
-1.323153680820650829e-11
-8.161164876908868220e-12
-5.018723800599734235e-12
-3.100605652501871140e-12
-1.927183402001398447e-12
-1.205585670387515942e-12
-7.899472321283413079e-13
-5.138457449453554956e-13
-3.312728861579369295e-13
-2.146703381444959023e-13
-1.396349336219414677e-13
-9.094723695952786875e-14
-9.147034591215578694e-09
-6.240851838705040003e-09
-4.336168746491407495e-09
-2.987625493954917517e-09
-2.024242781615847705e-09
-1.354386535951016463e-09
-8.959457583351596637e-10
-5.844223507703655660e-10
-3.755781547320643718e-10
-2.415126778836726951e-10
-1.534272886317862235e-10
-9.558564818888581198e-11
-5.818416424727513576e-11
-3.492997585253546346e-11
-2.127362243703448369e-11
-1.322748287369547573e-11
-8.157647693446050870e-12
-5.016352872111439832e-12
-3.099203779011642723e-12
-1.926419571616677755e-12
-1.205191128235085685e-12
-7.897334363655391308e-13
-5.137335251946352228e-13
-3.312165303256674114e-13
-2.146431011146250217e-13
-1.396227886452235391e-13
-9.094273445941778763e-14
-9.236188096480638845e-09
-6.270771003155886105e-09
-4.341457535944867216e-09
-2.982577403791526941e-09
-2.016023456438805834e-09
-1.346514170589106143e-09
-8.896926968537500786e-10
-5.799340692582995257e-10
-3.725536501414351111e-10
-2.395254658390370688e-10
-1.521518765882010087e-10
-9.479118657060400089e-11
-5.770873672807531581e-11
-3.465683055973607795e-11
-2.111919934069073364e-11
-1.314070870559359050e-11
-8.110922551276216289e-12
-4.992123735421445849e-12
-3.086932369033179314e-12
-1.920296522469522654e-12
-1.202152126140831402e-12
-7.880961657810975767e-13
-5.128649894834922197e-13
-3.307654038263306008e-13
-2.144084736011256496e-13
-1.395018996889463366e-13
-9.088181535627328356e-14
-9.174206629989651127e-09
-6.191899916210102602e-09
-4.269144583641136701e-09
-2.923446907418549177e-09
-1.971226980394993026e-09
-1.314546540161933910e-09
-8.679503959764293151e-10
-5.657403484782694938e-10
-3.635910798204285351e-10
-2.339133845602914714e-10
-1.487000769839283461e-10
-9.272650399655175286e-11
-5.652016706933407393e-11
-3.399714843617065078e-11
-2.075609129278506595e-11
-1.294061438007183796e-11
-8.004934301423099579e-12
-4.937894389322219298e-12
-3.059738810296958088e-12
-1.906816176025138868e-12
-1.195483172265438927e-12
-7.845050087862164380e-13
-5.109581894456792923e-13
-3.297721636870313953e-13
-2.138889341573067031e-13
-1.392315740535222917e-13
-9.074336278391593442e-14
-9.024585507241403749e-09
-6.042654743202826825e-09
-4.142724400527245850e-09
-2.824109601069230987e-09
-1.897550909888335217e-09
-1.262424487127077463e-09
-8.324962991191907133e-10
-5.424547032557080026e-10
-3.487524772999937085e-10
-2.245450025155157208e-10
-1.429069778265460427e-10
-8.925554774928191756e-11
-5.452595863239887900e-11
-3.289552129897893632e-11
-2.015305986702828523e-11
-1.260997289251062383e-11
-7.830640411006163189e-12
-4.849106917137218901e-12
-3.015377240946217843e-12
-1.884884573497471813e-12
-1.184651356880450548e-12
-7.786756909602290861e-13
-5.078631443604815227e-13
-3.281588696219872460e-13
-2.130436246204493486e-13
-1.387904352255850737e-13
-9.051632981261724344e-14
-8.976046958085107839e-09
-5.943102966911771721e-09
-4.039161150070501320e-09
-2.732571538390703202e-09
-1.823623464703427816e-09
-1.206420390850085592e-09
-7.920573635680433435e-10
-5.143994231396955400e-10
-3.299666619741137424e-10
-2.122126033231157143e-10
-1.350533327506329560e-10
-8.445218340352870409e-11
-5.173116768039210754e-11
-3.134271108713804877e-11
-1.930204606241610123e-11
-1.214375127957129507e-11
-7.585291315855723347e-12
-4.724387374757633986e-12
-2.953197794756747182e-12
-1.854204507291644041e-12
-1.169522722338582736e-12
-7.705413234200500161e-13
-5.035467862347484665e-13
-3.259093431181620943e-13
-2.118645088539120559e-13
-1.381745333543679977e-13
-9.019884941449458911e-14
-9.342746723051052061e-09
-6.103524603471663227e-09
-4.098847450460803480e-09
-2.739967169271641836e-09
-1.806202286039764760e-09
-1.180442845266497396e-09
-7.659925422281483972e-10
-4.920440416484451200e-10
-3.125840525645961671e-10
-1.996100337946935422e-10
-1.264664899461741235e-10
-7.895752113559740587e-11
-4.844199889908378433e-11
-2.948720824739287749e-11
-1.827883037782828055e-11
-1.158220317919062611e-11
-7.289800316454681519e-12
-4.574364235360312695e-12
-2.878542470829581721e-12
-1.817446249622551541e-12
-1.151434332663217022e-12
-7.608297723233703328e-13
-4.983999045835930816e-13
-3.232294908245694253e-13
-2.104606394778487307e-13
-1.374415318368643169e-13
-8.982114292046745240e-14
-1.042054737365590632e-08
-6.736735904637024359e-09
-4.470958452692721005e-09
-2.947051156170042787e-09
-1.910233759872730124e-09
-1.224457786439649629e-09
-7.777306477282991620e-10
-4.883957246709839182e-10
-3.034476223023893729e-10
-1.902932620173602258e-10
-1.189619014648471741e-10
-7.368232138851983191e-11
-4.510916529557362027e-11
-2.755317115790051318e-11
-1.719914848366382815e-11
-1.098697130814750480e-11
-6.976138517856013600e-12
-4.415210669433198586e-12
-2.799490152306038088e-12
-1.778621483551352976e-12
-1.132382348098635102e-12
-7.506230057364805859e-13
-4.930013026124684765e-13
-3.204234291790867677e-13
-2.089927718795152992e-13
-1.366762884120471591e-13
-8.942759858974743411e-14
-1.227387202885290033e-08
-7.921374885524586428e-09
-5.226061341564426651e-09
-3.410114206823146540e-09
-2.176960053194869221e-09
-1.366593710612259565e-09
-8.453013548041322177e-10
-5.143740700649220850e-10
-3.088605298274623147e-10
-1.878608268550048841e-10
-1.145612871664870453e-10
-6.973850093621808401e-11
-4.232791277400258690e-11
-2.585300549447351883e-11
-1.622870624809915478e-11
-1.044723449412278146e-11
-6.690695403225047079e-12
-4.270345218930611475e-12
-2.727679161192660698e-12
-1.743470890589374739e-12
-1.115202782431199904e-12
-7.414497058159797545e-13
-4.881645458406464004e-13
-3.179166392166804289e-13
-2.076849129790189983e-13
-1.359965632327225197e-13
-8.907951268818745807e-14
-1.464913524972101046e-08
-9.529752853435545551e-09
-6.301680773759757171e-09
-4.102302880447447840e-09
-2.597909119593555692e-09
-1.606464103310685057e-09
-9.710823381765549950e-10
-5.727575894378108451e-10
-3.311325107808630342e-10
-1.939834231089128586e-10
-1.143791302933491727e-10
-6.782086204780741868e-11
-4.050338749486776083e-11
-2.460995736023377107e-11
-1.548838009173113903e-11
-1.002843398008423149e-11
-6.467502781111645003e-12
-4.156874866070275725e-12
-2.671556285342176846e-12
-1.716130100134180304e-12
-1.101923482559812635e-12
-7.343968468843795721e-13
-4.844651514820534873e-13
-3.160087218380329458e-13
-2.066941869556166008e-13
-1.354846434006533385e-13
-8.881953045599543259e-14
-1.701508965932947577e-08
-1.123102969961802386e-08
-7.492888477200485813e-09
-4.901379638529784000e-09
-3.104142153666603236e-09
-1.907387702010666025e-09
-1.136894787936509275e-09
-6.554468873257309186e-10
-3.672264022862305598e-10
-2.077863254479105779e-10
-1.183678956552520597e-10
-6.811555828942880427e-11
-3.982398004407320541e-11
-2.395263184449944699e-11
-1.505397936821847252e-11
-9.772940354473552652e-12
-6.328855697037447079e-12
-4.085994260116417347e-12
-2.636597156757260501e-12
-1.699241693015936484e-12
-1.093818382756816471e-12
-7.301378309344675700e-13
-4.822548692279818270e-13
-3.148804720208668558e-13
-2.061143195040462003e-13
-1.351889983962681261e-13
-8.867237249418691672e-14
-1.888295300300026612e-08
-1.269041004780089964e-08
-8.575956235256488551e-09
-5.663902988794817013e-09
-3.608517666690422272e-09
-2.219225179421721375e-09
-1.315570024333281099e-09
-7.487890101651769989e-10
-4.108756678955345728e-10
-2.265499827897509595e-10
-1.254455251163552951e-10
-7.024123404424891157e-11
-4.017502862687875247e-11
-2.385090186428662646e-11
-1.491724623084616796e-11
-9.677937473349512967e-12
-6.273573835460891636e-12
-4.057063011040718300e-12
-2.622403668108675432e-12
-1.692554781906398740e-12
-1.090733723406915034e-12
-7.285771543255153180e-13
-4.814765374590024617e-13
-3.144989556633089493e-13
-2.059265553880979897e-13
-1.350989803677269751e-13
-8.863199117189379921e-14
-1.994974328562438102e-08
-1.366570470707441744e-08
-9.370905589135207337e-09
-6.263892803821787460e-09
-4.028355073187673764e-09
-2.491119190268001438e-09
-1.477882531751684161e-09
-8.372401155113545671e-10
-4.544779758577668997e-10
-2.467105152584056273e-10
-1.340284731483910761e-10
-7.353303274821396652e-11
-4.128902672322731958e-11
-2.419500506513543893e-11
-1.502824076384554238e-11
-9.718476063806035948e-12
-6.289116850032480535e-12
-4.063776429785280873e-12
-2.625791753187250960e-12
-1.694455364419046682e-12
-1.091846276201959172e-12
-7.292596779508430195e-13
-4.818821448496924866e-13
-3.147316699351651025e-13
-2.060597989367031889e-13
-1.351764355503699292e-13
-8.867800617934862471e-14
-2.020154909600854389e-08
-1.410253264777829846e-08
-9.817651520883405790e-09
-6.648846374533062264e-09
-4.323585854634885579e-09
-2.695614434448326746e-09
-1.606696332223780192e-09
-9.110070436805306104e-10
-4.928770749884449653e-10
-2.656464235803732515e-10
-1.428288970444500391e-10
-7.737696834340044114e-11
-4.287885638531948006e-11
-2.484907475437881060e-11
-1.531906990632245607e-11
-9.859061256895462922e-12
-6.357296358153406506e-12
-4.096997821825265832e-12
-2.642211487172008708e-12
-1.702685031633303548e-12
-1.096030796687951443e-12
-7.315744321100799394e-13
-4.831442272475291048e-13
-3.154062152744689903e-13
-2.064227191015092726e-13
-1.353730056479521628e-13
-8.878500728163022439e-14
-1.977484447975912380e-08
-1.405129057056657905e-08
-9.925706827227885522e-09
-6.809999953326048824e-09
-4.479878295216854079e-09
-2.819472010959665214e-09
-1.692232421630669411e-09
-9.638140512770883381e-10
-5.224449804408748200e-10
-2.813612010439173582e-10
-1.507892967043442506e-10
-8.123105622866157158e-11
-4.467447924959339394e-11
-2.567963132552373625e-11
-1.572166910565231484e-11
-1.006390228255808988e-11
-6.459784023309055488e-12
-4.147561468840870707e-12
-2.667126933585064440e-12
-1.715007213841702086e-12
-1.102179893143685289e-12
-7.349228743083642261e-13
-4.849433533227026980e-13
-3.163550958651551727e-13
-2.069268878823140826e-13
-1.356420141348075127e-13
-8.892854219739245186e-14
-1.887888325835068923e-08
-1.363166042903768920e-08
-9.761032496798919514e-09
-6.780634800948756169e-09
-4.511779072504560309e-09
-2.867804981513382163e-09
-1.735506308988075876e-09
-9.952271841434063517e-10
-5.424512551627820414e-10
-2.932328359530117861e-10
-1.574702703466554077e-10
-8.481628992255844781e-11
-4.651316150134219965e-11
-2.659771388446984798e-11
-1.618831662498418128e-11
-1.030736275856199202e-11
-6.583338474523970911e-12
-4.208848218592091065e-12
-2.697283285840909419e-12
-1.729832905605297099e-12
-1.109515871396247856e-12
-7.388885477329914386e-13
-4.870591971343604894e-13
-3.174636919755877302e-13
-2.075122152744010655e-13
-1.359519844932028431e-13
-8.909228147767273563e-14
-1.771278197613704818e-08
-1.296831034223101502e-08
-9.398968948232188821e-09
-6.603357380975399536e-09
-4.441235903303693808e-09
-2.850768298662979530e-09
-1.740566504259933046e-09
-1.006434774695198709e-09
-5.529368935233598510e-10
-3.009814872557429096e-10
-1.625724227937721346e-10
-8.790603649988916397e-11
-4.825032951128035992e-11
-2.752082018059314808e-11
-1.667402443632632059e-11
-1.056516315141330754e-11
-6.715415127405174739e-12
-4.274599057447867025e-12
-2.729611034961435521e-12
-1.745667519090395479e-12
-1.117308951461669554e-12
-7.430813428432853137e-13
-4.892857708484473635e-13
-3.186250750725509804e-13
-2.081227557196751439e-13
-1.362736548093933970e-13
-8.926105647269724521e-14
-1.642543980417551616e-08
-1.216616664244049786e-08
-8.910352676149812041e-09
-6.323419993922343872e-09
-4.295239548759617037e-09
-2.783352244544144778e-09
-1.715094352318588353e-09
-1.000974784824316581e-09
-5.553027870824060308e-10
-3.050723067066866469e-10
-1.661873702900848646e-10
-9.047145319697365392e-11
-4.983841724581223823e-11
-2.841367314560406923e-11
-1.715761874795026486e-11
-1.082546144746130700e-11
-6.849811303503329023e-12
-4.341720687501252681e-12
-2.762608059084597677e-12
-1.761791042732532612e-12
-1.125214129760265055e-12
-7.473196728419153719e-13
-4.915286114509451857e-13
-3.197908827321790643e-13
-2.087335203041558688e-13
-1.365941360097507642e-13
-8.942830668399615406e-14
-1.513150319617961330e-08
-1.131100010759432158e-08
-8.355962166304096339e-09
-5.981385546705998458e-09
-4.098973465340829421e-09
-2.680018874414408723e-09
-1.666681019204224615e-09
-9.823866489751740133e-10
-5.509423756425355925e-10
-3.059485124633163024e-10
-1.683822229958383396e-10
-9.246387910151139135e-11
-5.121659093029861618e-11
-2.923318677267948123e-11
-1.761358620089601119e-11
-1.107404007052867720e-11
-6.979077693147578119e-12
-4.406485958979640714e-12
-2.794454257731093449e-12
-1.777324594246380635e-12
-1.132806757147377108e-12
-7.513785902773055241e-13
-4.936700379277512074e-13
-3.209005911220600836e-13
-2.093131190250066320e-13
-1.368971604396029592e-13
-8.958569036743321504e-14
-1.388799099663217595e-08
-1.045310919728209074e-08
-7.775775563781563575e-09
-5.606650380343597496e-09
-3.872388953697717968e-09
-2.553225399333831400e-09
-1.602439001218215556e-09
-9.543309982220247595e-10
-5.415237418797728229e-10
-3.043025961620127301e-10
-1.694055030080747126e-10
-9.395146249795997575e-11
-5.239243683509902209e-11
-2.997361354420427622e-11
-1.803636953093701811e-11
-1.130737005300794833e-11
-7.101275994379738213e-12
-4.467922844753223100e-12
-2.824687342062008344e-12
-1.792054941394524899e-12
-1.139989697248689544e-12
-7.552092395289617938e-13
-4.956858191876635550e-13
-3.219423834135045749e-13
-2.098557305110788984e-13
-1.371798882719185840e-13
-8.973186858134905418e-14
-1.274032995780320373e-08
-9.634280888652374698e-09
-7.204093589414542815e-09
-5.225107247814257034e-09
-3.633428269884008475e-09
-2.414325148586447988e-09
-1.528874193321162592e-09
-9.201235579486040342e-10
-5.285094785739365166e-10
-3.006989990925257899e-10
-1.694261498077208494e-10
-9.495436872008137072e-11
-5.334593799685788622e-11
-3.061402581213582098e-11
-1.841215832196472740e-11
-1.151742340360021471e-11
-7.212106105240881685e-12
-4.523857871910835091e-12
-2.852243500969286014e-12
-1.805469857504308830e-12
-1.146517008877558334e-12
-7.586822035490854773e-13
-4.975087578031921051e-13
-3.228819821229811609e-13
-2.103437275371327470e-13
-1.374332726379020011e-13
-8.986225861721922941e-14
-1.169465446877317803e-08
-8.868078942777953821e-09
-6.655824694305793432e-09
-4.850099975973073377e-09
-3.392521528115001565e-09
-2.270558655892271011e-09
-1.450481707830491479e-09
-8.822547014411043205e-10
-5.131246538210368824e-10
-2.956946491661899206e-10
-1.686742331328328035e-10
-9.555674024050832982e-11
-5.410348104604772195e-11
-3.116166892022555089e-11
-1.874296836148555216e-11
-1.170484363929245890e-11
-7.311794080576019074e-12
-4.574392218501122970e-12
-2.877180408951056606e-12
-1.817605461709181985e-12
-1.152411338095801170e-12
-7.618118537924339030e-13
-4.991476149428785997e-13
-3.237245133265861146e-13
-2.107800711304593226e-13
-1.376590233293445777e-13
-8.997785256038153775e-14
-1.076290444956410094e-08
-8.170704725658591049e-09
-6.147011421472079953e-09
-4.495356532301226106e-09
-3.160130912497910962e-09
-2.129058019961792897e-09
-1.371606311470706123e-09
-8.430661914449013621e-10
-4.964672503806516590e-10
-2.897481272351488551e-10
-1.673097155450189517e-10
-9.579646660222842831e-11
-5.466321644647931471e-11
-3.160767991200082318e-11
-1.902188173291162946e-11
-1.186535465472501276e-11
-7.397968650525804403e-12
-4.618303091986492727e-12
-2.898893526220997743e-12
-1.828169778810958150e-12
-1.157532801111869903e-12
-7.645249195174768625e-13
-5.005645823192719610e-13
-3.244508397163901370e-13
-2.111550094265312497e-13
-1.378521938818867062e-13
-9.007618516430660481e-14
-9.932198866827923052e-09
-7.538648892908345150e-09
-5.678840388618824774e-09
-4.164065811418268392e-09
-2.939781891006137724e-09
-1.992768339227131636e-09
-1.294314956244709434e-09
-8.038211116674785556e-10
-4.792200323668564043e-10
-2.832022519298978353e-10
-1.654931031959535067e-10
-9.574369052766888597e-11
-5.505402684577865462e-11
-3.196386875201904860e-11
-1.925413183858085599e-11
-1.200148670272643991e-11
-7.471859833700525932e-12
-4.656191836468787721e-12
-2.917680884637994512e-12
-1.837312366146601218e-12
-1.161957426928970402e-12
-7.668634484558553391e-13
-5.017825991386162920e-13
-3.250732360943952173e-13
-2.114751453927977079e-13
-1.380163455544416072e-13
-9.015917508892817108e-14
-9.202126344233748787e-09
-6.976268502038515771e-09
-5.257423783911072180e-09
-3.862372351023251882e-09
-2.736658869024708635e-09
-1.865491621619660705e-09
-1.221063667310229434e-09
-7.659167440752809943e-10
-4.620774350577522718e-10
-2.763678054456083908e-10
-1.633451718405448472e-10
-9.543553437684384402e-11
-5.528206500612436617e-11
-3.222822545525811219e-11
-1.943704355479472069e-11
-1.211134764428108483e-11
-7.532341822404164294e-12
-4.687453643509464993e-12
-2.933236685141364192e-12
-1.844884084241683109e-12
-1.165613752172813902e-12
-7.687902047504669691e-13
-5.027826122503706821e-13
-3.255821691741760895e-13
-2.117356939846361145e-13
-1.381491027758294225e-13
-9.022567619889007896e-14
-8.555777204250387275e-09
-6.474085772329536958e-09
-4.877909757864637310e-09
-3.588258546942553231e-09
-2.550311907306253749e-09
-1.747465334621719518e-09
-1.152272167985511366e-09
-7.297273958673875861e-10
-4.453018223333402754e-10
-2.694073223368904964e-10
-1.609589408536325185e-10
-9.492192483945318695e-11
-5.537264670910051635e-11
-3.241317613431316029e-11
-1.957683629222550502e-11
-1.219814788534186445e-11
-7.581031732371061213e-12
-4.712887464506663299e-12
-2.945953806644341352e-12
-1.851078449497441873e-12
-1.168597871830381494e-12
-7.703573268063040970e-13
-5.035925573990646792e-13
-3.259923424675564219e-13
-2.119444493249536214e-13
-1.382546049904771885e-13
-9.027787827264185090e-14
-7.989437494966996504e-09
-6.031696182892795470e-09
-4.541602217354076361e-09
-3.343720851296625432e-09
-2.382760877055528126e-09
-1.640346555981115703e-09
-1.089107012819421227e-09
-6.959712007577287670e-10
-4.292812905508049888e-10
-2.625114761846348866e-10
-1.584184170862956349e-10
-9.423493044743072701e-11
-5.533561639144112584e-11
-3.252077851992914762e-11
-1.967352781251681223e-11
-1.226155415718395090e-11
-7.617633804396858652e-12
-4.732305509355157348e-12
-2.955729569176076696e-12
-1.855843824332827625e-12
-1.170885081545192670e-12
-7.715521871141323911e-13
-5.042061670268004640e-13
-3.263007526101089105e-13
-2.120999923605248589e-13
-1.383322120548753434e-13
-9.031552133472011185e-14
-7.487557650576974418e-09
-5.638650729187464525e-09
-4.241713688689908786e-09
-3.124617034399965289e-09
-2.231695333680424472e-09
-1.542984417839101516e-09
-1.031083163752815388e-09
-6.645042078022295735e-10
-4.140176109350311468e-10
-2.557231010519694025e-10
-1.557672107442878100e-10
-9.340675523808699309e-11
-5.519108691991811765e-11
-3.256229601782376716e-11
-1.973317519184450988e-11
-1.230480763472854812e-11
-7.643814410997654259e-12
-4.746538386054703390e-12
-2.962972531865825356e-12
-1.859380387471185116e-12
-1.172573943005609520e-12
-7.724278495566997958e-13
-5.046516525646780520e-13
-3.265221367575792258e-13
-2.122100794482768143e-13
-1.383860106018845916e-13
-9.034074572199595194e-14
-7.046349439479320161e-09
-5.293011197494859605e-09
-3.977515240436612009e-09
-2.930952183831276316e-09
-2.097489189290527470e-09
-1.455854929774269579e-09
-9.786247508280362710e-10
-6.356379942673090053e-10
-3.997083353316727333e-10
-2.491550649835432256e-10
-1.530639815281596065e-10
-9.246500639914111951e-11
-5.495069342518409004e-11
-3.254219834015705060e-11
-1.975747812085209845e-11
-1.232857585165063850e-11
-7.659821740398315016e-12
-4.755675930459036470e-12
-2.967716801938344255e-12
-1.861702677694846154e-12
-1.173671633795540817e-12
-7.729884915957479034e-13
-5.049314797482877242e-13
-3.266579472541902857e-13
-2.122755831825168155e-13
-1.384165379650041458e-13
-9.035388984539412500e-14
-6.653033268321164587e-09
-4.985330441125220492e-09
-3.742260488847082456e-09
-2.758158822873967107e-09
-1.977265735827917488e-09
-1.377295953087841592e-09
-9.308704123718984049e-10
-6.089907275009284765e-10
-3.862235602632767759e-10
-2.427833470020303800e-10
-1.503211288389752607e-10
-9.142856275515920980e-11
-5.462936127868400083e-11
-3.246982678810777515e-11
-1.975173975491525650e-11
-1.233577527100906950e-11
-7.667180834991840688e-12
-4.760485492501068819e-12
-2.970341189593829120e-12
-1.862996207441294845e-12
-1.174269198569722272e-12
-7.732829479899572702e-13
-5.050715064228541401e-13
-3.267216348912169243e-13
-2.123035518931187943e-13
-1.384274877474346522e-13
-9.035687416750832815e-14
-6.304743724120648935e-09
-4.713572028366017646e-09
-3.534641555433132972e-09
-2.605508109661876781e-09
-1.870713139872200568e-09
-1.307252364502008835e-09
-8.878909414156326315e-10
-5.846708862324975836e-10
-3.736611348417999707e-10
-2.366782233216960386e-10
-1.475826224210823370e-10
-9.032203413718357733e-11
-5.423950298592544007e-11
-3.235096083692626885e-11
-1.971862556283350749e-11
-1.232766666987525484e-11
-7.666470323720530855e-12
-4.761228822767697240e-12
-2.970965696686793239e-12
-1.863317462053351883e-12
-1.174394130802914300e-12
-7.733261214180604420e-13
-5.050797711704898827e-13
-3.267174899514782439e-13
-2.122963125727650913e-13
-1.384201405574581688e-13
-9.035041195204032685e-14
-5.991520191989577227e-09
-4.469938670974814612e-09
-3.348804737972159570e-09
-2.468840061254493209e-09
-1.775076991967110840e-09
-1.244045904364933240e-09
-8.487614947470142690e-10
-5.622320157583260079e-10
-3.618427601775648696e-10
-2.307846981665072838e-10
-1.448429588739901453e-10
-8.915479215496085987e-11
-5.379137278953724450e-11
-3.219275916004087944e-11
-1.966240353168847290e-11
-1.230665724770822181e-11
-7.658970166453964244e-12
-4.758556853663772432e-12
-2.969913526186500751e-12
-1.862825054933317714e-12
-1.174124226656113193e-12
-7.731596673930549568e-13
-5.049782812575599910e-13
-3.266569305907200772e-13
-2.122598298681033039e-13
-1.383976084717276864e-13
-9.033611087016540637e-14
-5.711633418072364344e-09
-4.252905256423522006e-09
-3.183581010993532458e-09
-2.347361801097710656e-09
-1.689897828912185506e-09
-1.187468701482477265e-09
-8.134333088479351161e-10
-5.417052649433748177e-10
-3.508242854152011324e-10
-2.251533864623465246e-10
-1.421385460902835203e-10
-8.794948389505369905e-11
-5.329748351279951250e-11
-3.200154132366889487e-11
-1.958619110460835123e-11
-1.227430230913906827e-11
-7.645429827305315176e-12
-4.752822800216474073e-12
-2.967351251459400437e-12
-1.861598466388498093e-12
-1.173498165834976496e-12
-7.728043900687830452e-13
-5.047781310399888465e-13
-3.265457933371988094e-13
-2.121972159595640916e-13
-1.383615683415128538e-13
-9.031488055464945377e-14
-5.457574210195013353e-09
-4.056385762619253784e-09
-3.034266365710539406e-09
-2.237637603161456383e-09
-1.612836682545323338e-09
-1.136052982578839019e-09
-7.810695179169953370e-10
-5.226678800416042709e-10
-3.404238339381307956e-10
-2.197188073289831014e-10
-1.394542105404464740e-10
-8.670870684859220181e-11
-5.276404457964001151e-11
-3.178229686423064581e-11
-1.949313387025832848e-11
-1.223242731296720303e-11
-7.626838904267012416e-12
-4.744536557262367417e-12
-2.963534080715062670e-12
-1.859763450201490894e-12
-1.172577691486414518e-12
-7.722933279822456472e-13
-5.044967536981267739e-13
-3.263931074588118906e-13
-2.121131754520225312e-13
-1.383144643529139753e-13
-9.028797487549776061e-14
-5.228651048072150175e-09
-3.879547106691486886e-09
-2.900116657879855151e-09
-2.139106770340334316e-09
-1.543538681059526692e-09
-1.089622766578916169e-09
-7.516196144679526500e-10
-5.051388805723877353e-10
-3.306859249702666995e-10
-2.145243041209436567e-10
-1.368226395275459683e-10
-8.545361530279206017e-11
-5.220318333240141786e-11
-3.154136543903295502e-11
-1.938645098073252423e-11
-1.218267512887351794e-11
-7.604005154439554337e-12
-4.734085104921943228e-12
-2.958646536940689934e-12
-1.857408521950571828e-12
-1.171405884529539897e-12
-7.716495839820345932e-13
-5.041464125358339009e-13
-3.262052851894400263e-13
-2.120111024839811230e-13
-1.382581087818325417e-13
-9.025636593204570062e-14
-5.019318307657919688e-09
-3.717806443094329508e-09
-2.777525707247844102e-09
-2.049088194520689705e-09
-1.480143495995075712e-09
-1.046985314235171472e-09
-7.243855619244336156e-10
-4.887529054099760526e-10
-3.214443577499031040e-10
-2.095038063605740650e-10
-1.342235561177896797e-10
-8.418188833940600056e-11
-5.161770300035692579e-11
-3.128174791191969693e-11
-1.926820713482052078e-11
-1.212629442146573204e-11
-7.577624187833129393e-12
-4.721833531655989074e-12
-2.952873492560409585e-12
-1.854625370332774253e-12
-1.170027877242596701e-12
-7.708973110286330382e-13
-5.037398443190865723e-13
-3.259889149587680020e-13
-2.118944210620743154e-13
-1.381942714396271939e-13
-9.022095335376033571e-14
-4.829674334402626610e-09
-3.570966432901064005e-09
-2.666211557976990390e-09
-1.967329024476936236e-09
-1.422480971639534853e-09
-1.008062350863609911e-09
-6.993604538987670189e-10
-4.735434669629724152e-10
-3.127454520499361867e-10
-2.046988467277270792e-10
-1.316876095182783322e-10
-8.291332112617099512e-11
-5.101903336718058138e-11
-3.100948976285123555e-11
-1.914150930378835159e-11
-1.206488699191762327e-11
-7.548490804794869083e-12
-4.708165424353819981e-12
-2.946398725021271343e-12
-1.851502329059780703e-12
-1.168486638337962516e-12
-7.700595052145339260e-13
-5.032892186297024960e-13
-3.257503346178269786e-13
-2.117664704309271791e-13
-1.381247258294607587e-13
-9.018268263021904326e-14
-4.655641131787372417e-09
-3.435634599964460467e-09
-2.563476424168387788e-09
-1.891797928428339573e-09
-1.369119872730671023e-09
-9.719187696389472336e-10
-6.759835681888710472e-10
-4.592069990644697747e-10
-3.044437898699694449e-10
-2.000466079025473220e-10
-1.291918133474885731e-10
-8.164197861127672089e-11
-5.040720230773423651e-11
-3.072588221159221371e-11
-1.900746365207572448e-11
-1.199918013515867926e-11
-7.517031042616368283e-12
-4.693311735695261252e-12
-2.939341554798162481e-12
-1.848099254436954136e-12
-1.166811780118624092e-12
-7.691520308083599411e-13
-5.028029015893753395e-13
-3.254938677645741132e-13
-2.116294904652538862e-13
-1.380506209342744171e-13
-9.014212915960092143e-14
-4.497804380142201435e-09
-3.312080463887733146e-09
-2.469414204304985140e-09
-1.822513808006161536e-09
-1.320066486272000015e-09
-9.385779743810791208e-10
-6.542986866728222827e-10
-4.457974638179642085e-10
-2.965911152271355867e-10
-1.955885188209262523e-10
-1.267653368599570640e-10
-8.038631650930430476e-11
-4.979278892369472526e-11
-3.043652190206373074e-11
-1.886895599332755417e-11
-1.193066700545461634e-11
-7.483988293087740870e-12
-4.677632154122060875e-12
-2.931874522493934654e-12
-1.844499065753742334e-12
-1.165043579281271872e-12
-7.681963988500892373e-13
-5.022922451316788502e-13
-3.252254056252295769e-13
-2.114865732742516163e-13
-1.379735926321416592e-13
-9.010016171203134840e-14
-4.353114727011555113e-09
-3.197783353000200136e-09
-2.382012850472793490e-09
-1.757948360094072199e-09
-1.274229753479656818e-09
-9.073141456208958306e-10
-6.338598276273128445e-10
-4.330650047695548895e-10
-2.890615010260940218e-10
-1.912659555729968251e-10
-1.243837624497085029e-10
-7.913777203242483771e-11
-4.917365044219304560e-11
-3.014131255567627047e-11
-1.872629713453706959e-11
-1.185963609874064651e-11
-7.449559221306363079e-12
-4.661242589305053012e-12
-2.924060449034579473e-12
-1.840734119761084237e-12
-1.163198239243062940e-12
-7.672013206932594626e-13
-5.017618506069381525e-13
-3.249473257069480773e-13
-2.113389442644675238e-13
-1.378942600202811939e-13
-9.005708028601457725e-14
-4.222360498280036363e-09
-3.093283932309222564e-09
-2.301614527025862587e-09
-1.698314447464129222e-09
-1.231749143753914061e-09
-8.782308714293359668e-10
-6.147522888201957436e-10
-4.210809721636504726e-10
-2.819115160239878582e-10
-1.871202933545217041e-10
-1.220748833173459609e-10
-7.791349079024431375e-11
-4.855948797491704683e-11
-2.984535862033984293e-11
-1.858211526741786145e-11
-1.178744699699875459e-11
-7.414420628752559964e-12
-4.644470337423311807e-12
-2.916056152978293073e-12
-1.836879642012517363e-12
-1.161312211388508052e-12
-7.661862164861613842e-13
-5.012219351217687664e-13
-3.246649106864831569e-13
-2.111893657376328978e-13
-1.378140795582729998e-13
-9.001365627516489252e-14
-4.103176130121195006e-09
-2.996663218430296722e-09
-2.226693035734846438e-09
-1.642447797581027935e-09
-1.191784556021173407e-09
-8.507596886142482368e-10
-5.966182003049734253e-10
-4.096379195542244917e-10
-2.750313834953435739e-10
-1.830969293229441042e-10
-1.198136116725300155e-10
-7.670307236136060393e-11
-4.794654175236314716e-11
-2.954749762703866710e-11
-1.843609845489507199e-11
-1.171404045352620501e-11
-7.378585718042578942e-12
-4.627338680315378195e-12
-2.907878783364714528e-12
-1.832945723291141119e-12
-1.159390845410664694e-12
-7.651540156984192686e-13
-5.006740631659052820e-13
-3.243789725005218041e-13
-2.110382496022730700e-13
-1.377332470842886513e-13
-8.996997076197166587e-14
-3.996331268608017222e-09
-2.908561310863076092e-09
-2.157716755285875263e-09
-1.590674466899962094e-09
-1.154559463536894913e-09
-8.250570980254917004e-10
-5.795708675536781103e-10
-3.988188472430371272e-10
-2.684805553499827832e-10
-1.792367044606264100e-10
-1.176263490774102672e-10
-7.552242565405442340e-11
-4.734368789830262638e-11
-2.925236442015820784e-11
-1.829062383542608782e-11
-1.164064321848102212e-11
-7.342663746714574599e-12
-4.610141484523998465e-12
-2.899668726849685683e-12
-1.828999489809927396e-12
-1.157466557485866144e-12
-7.641219362480430458e-13
-5.001272606334658830e-13
-3.240941582475841910e-13
-2.108880158860223743e-13
-1.376530343161639101e-13
-8.992669585463001558e-14
-3.899902725676098747e-09
-2.827459079080436249e-09
-2.093490132925360979e-09
-1.542083030187147306e-09
-1.119411387382001023e-09
-8.006680975878295622e-10
-5.633172712222416730e-10
-3.884483704613080967e-10
-2.621620257722410100e-10
-1.754885946612645014e-10
-1.154878618628888424e-10
-7.435995564898843006e-11
-4.674602986387634979e-11
-2.895802084526605416e-11
-1.814491749520051710e-11
-1.156693495704757064e-11
-7.306528950490663272e-12
-4.592831448215690598e-12
-2.891408217692077676e-12
-1.825033996204142321e-12
-1.155536401972755163e-12
-7.630884976313172990e-13
-4.995807822422465883e-13
-3.238100933424392307e-13
-2.107384624531391780e-13
-1.375733191192951589e-13
-8.988374910792840688e-14
-3.814499819275056879e-09
-2.753970055963959983e-09
-2.034511739860098669e-09
-1.497046015132791901e-09
-1.086605503358354576e-09
-7.777777608385545795e-10
-5.479861997176622831e-10
-3.786155797653155104e-10
-2.561361449618149628e-10
-1.718923900602916023e-10
-1.134231526792752436e-10
-7.323044309549157091e-11
-4.616171157382932831e-11
-2.866868648081012135e-11
-1.800113331139179967e-11
-1.149402333720108269e-11
-7.270729485586134451e-12
-4.575671929994934502e-12
-2.883222537485282968e-12
-1.821108885564587871e-12
-1.153629056697763673e-12
-7.620688761779977452e-13
-4.990425498063615018e-13
-3.235308364313971680e-13
-2.105916930709466725e-13
-1.374952030342934434e-13
-8.984171157845630329e-14
-3.738491991816149434e-09
-2.686839177961506299e-09
-1.979807837877838675e-09
-1.454824696571850036e-09
-1.055602941136718444e-09
-7.560116109569276082e-10
-5.333317079340199760e-10
-3.691690753795572968e-10
-2.503159580618227819e-10
-1.684002477936723291e-10
-1.114072401688277336e-10
-7.212161349450550094e-11
-4.558509482415103072e-11
-2.838189174122905959e-11
-1.785817292434544942e-11
-1.142140205217174751e-11
-7.235039634750776811e-12
-4.558564552509936707e-12
-2.875068587893105650e-12
-1.817204853151665312e-12
-1.151735571988206681e-12
-7.610584098479956280e-13
-4.985101586778301819e-13
-3.232551649043535397e-13
-2.104470692485053905e-13
-1.374183394382826992e-13
-8.980038624660791514e-14
-3.672261076231368176e-09
-2.626575791961568147e-09
-1.929841829883452848e-09
-1.415789991505149305e-09
-1.026678926798510148e-09
-7.355646035946360947e-10
-5.194882627061731096e-10
-3.601996216969353529e-10
-2.447611296752319952e-10
-1.650505139708074915e-10
-1.094637553493828463e-10
-7.104724099436543294e-11
-4.502369408137514955e-11
-2.810150414629219778e-11
-1.771800149604028751e-11
-1.135007796136122521e-11
-7.199955641168225984e-12
-4.541746627497899435e-12
-2.867058688238207960e-12
-1.813375091528527997e-12
-1.149881392074041748e-12
-7.600705055478233225e-13
-4.979905723376997208e-13
-3.229866261451154282e-13
-2.103064199382119234e-13
-1.373436821102558746e-13
-8.976027526525473983e-14
-3.614388559932874874e-09
-2.572106207567571178e-09
-1.883791572319396167e-09
-1.379322295909355358e-09
-9.993811831550039616e-10
-7.161197942030350763e-10
-5.062443925120376239e-10
-3.515740000512918051e-10
-2.393927793492764142e-10
-1.617982431968379665e-10
-1.075682774383623272e-10
-6.999477067790681993e-11
-4.447143910393699487e-11
-2.782471659235352895e-11
-1.757930668047917677e-11
-1.127941967116053843e-11
-7.165183709774901225e-12
-4.525084743489848519e-12
-2.859132322602306614e-12
-1.809591809802310176e-12
-1.148053462622304106e-12
-7.590983377077533137e-13
-4.974802652680564888e-13
-3.227234293476044715e-13
-2.101688168784999027e-13
-1.372707368410297269e-13
-8.972110715538000567e-14
-3.565019336218744541e-09
-2.523798997918556742e-09
-1.842047267474965317e-09
-1.345760070986281168e-09
-9.739735113097559417e-10
-6.978689163248242727e-10
-4.937332373070093624e-10
-3.433814664415793201e-10
-2.342687556139321528e-10
-1.586800806990925309e-10
-1.057431172367927912e-10
-6.897708626307666599e-11
-4.393531041735702115e-11
-2.755510421315663156e-11
-1.744389838971956499e-11
-1.121035138957227220e-11
-7.131177532163756597e-12
-4.508794813781136533e-12
-2.851391119770902101e-12
-1.805902856853328537e-12
-1.146274537818249578e-12
-7.581538367754772771e-13
-4.969853990588245245e-13
-3.224686930700795402e-13
-2.100358581563682941e-13
-1.372003331928368543e-13
-8.968331776802642468e-14
-3.522911398616663488e-09
-2.480716670236870969e-09
-1.803896443881564471e-09
-1.314569166616835808e-09
-9.500661684559305991e-10
-6.805372599017300172e-10
-4.817692691536438281e-10
-3.355030005909006627e-10
-2.293168851485368172e-10
-1.556537905783269221e-10
-1.039646461115384577e-10
-6.798164964189357328e-11
-4.340903810141966720e-11
-2.728966938082587589e-11
-1.731033478598005981e-11
-1.114216354075683976e-11
-7.097599940978260077e-12
-4.492720886053391540e-12
-2.843763330846623129e-12
-1.802274987505476239e-12
-1.144528946134873754e-12
-7.572288105145002777e-13
-4.965017484105402980e-13
-3.222202767844550881e-13
-2.099064399460752315e-13
-1.371318891236569123e-13
-8.964659222168106883e-14
-3.488001112892412098e-09
-2.443080763403182215e-09
-1.769639343881860861e-09
-1.286038550168877597e-09
-9.278983457198888152e-10
-6.643048307611532781e-10
-4.704796198183151299e-10
-3.280241998081697491e-10
-2.245924474968415830e-10
-1.527541667707306831e-10
-1.022539151988458187e-10
-6.702055468209624948e-11
-4.289914929274599299e-11
-2.703174543635718778e-11
-1.718029928599267922e-11
-1.107571349347866423e-11
-7.064870334447988851e-12
-4.477061621485145230e-12
-2.836341936891648561e-12
-1.798751707049152155e-12
-1.142837243656568808e-12
-7.563339779103630329e-13
-4.960348143036772303e-13
-3.219809444891951787e-13
-2.097819689339108322e-13
-1.370661310299655685e-13
-8.961131126945706969e-14
-3.459211900020771618e-09
-2.410068314319017535e-09
-1.738650017850163662e-09
-1.259699485277027527e-09
-9.071278170388336734e-10
-6.489292959531223912e-10
-4.596990809368769224e-10
-3.208375674093567942e-10
-2.200290434302495544e-10
-1.499415537470166390e-10
-1.005882515381658943e-10
-6.608149195886655837e-11
-4.239934185275029477e-11
-2.677825127272154681e-11
-1.705228260734591112e-11
-1.101024814456478401e-11
-7.032626517613469897e-12
-4.461647838449857839e-12
-2.829048576420233904e-12
-1.795296583422119015e-12
-1.141182253940715173e-12
-7.554603754260599211e-13
-4.955799858313965539e-13
-3.217483686150485271e-13
-2.096612505594649521e-13
-1.370024332830047275e-13
-8.957713953133762809e-14
-3.436319734712636357e-09
-2.381767198572307018e-09
-1.711136910834655052e-09
-1.235784489688384097e-09
-8.879621512879143876e-10
-6.345738728499398392e-10
-4.495458326808642391e-10
-3.140236566081066957e-10
-2.156789027508727080e-10
-1.472488123716434035e-10
-9.898750397838555645e-11
-6.517584641675758823e-11
-4.191575322451836363e-11
-2.653231863544581872e-11
-1.692786475834914756e-11
-1.094657085121027465e-11
-7.001260361120915642e-12
-4.446664371754640129e-12
-2.821969281133993301e-12
-1.791949613035968236e-12
-1.139582746264013570e-12
-7.546177321583248623e-13
-4.951422214398307192e-13
-3.215250206134815579e-13
-2.095455330169274565e-13
-1.369414366293737674e-13
-8.954441195587231091e-14
-3.418411970045333916e-09
-2.357460091395500463e-09
-1.686548776972404059e-09
-1.213878872330298151e-09
-8.700975522065811795e-10
-6.210223808537321235e-10
-4.398713228527777450e-10
-3.074847048186189141e-10
-2.114807561028269768e-10
-1.446387682372878906e-10
-9.743006133545219819e-11
-6.429168141278845759e-11
-4.144216518327450875e-11
-2.629085815303221780e-11
-1.680551299928397104e-11
-1.088390969635053129e-11
-6.970397783229190767e-12
-4.431935501268278332e-12
-2.815022402528476691e-12
-1.788672809608920454e-12
-1.138020839649500221e-12
-7.537967411452880383e-13
-4.947167499802128727e-13
-3.213085022681760548e-13
-2.094335915135394507e-13
-1.368825032907860985e-13
-8.951278885789364812e-14
-3.405158096046452284e-09
-2.337125326446628393e-09
-1.665009951274616675e-09
-1.194158660858100796e-09
-8.537073475281687714e-10
-6.084186781883751628e-10
-4.307830964593878472e-10
-3.012953871790241559e-10
-2.074834950565764899e-10
-1.421423116711130175e-10
-9.593462024729981264e-11
-6.343973555839378972e-11
-4.098437395525052574e-11
-2.605683065359143982e-11
-1.668672168736116853e-11
-1.082302396879155505e-11
-6.940408409356116916e-12
-4.417634926009514206e-12
-2.808288362355461301e-12
-1.785503320452377194e-12
-1.136513841842295697e-12
-7.530063167483518968e-13
-4.943080806350510358e-13
-3.211010414319821483e-13
-2.093265417050746512e-13
-1.368262021606710980e-13
-8.948256668954272996e-14
-3.395808157507900602e-09
-2.320147694543539679e-09
-1.646038100528543233e-09
-1.176256932081566514e-09
-8.385207533673306231e-10
-5.965688247029708947e-10
-4.221468613074066834e-10
-2.953664600566644395e-10
-2.036305187595437606e-10
-1.397246612567731528e-10
-9.448069105820281689e-11
-6.260853728950416024e-11
-4.053632236097750222e-11
-2.582718941614540475e-11
-1.656996472763759999e-11
-1.076313995711542064e-11
-6.910915359362022440e-12
-4.403585026249409237e-12
-2.801684532685558446e-12
-1.782402737326877240e-12
-1.135043721456348671e-12
-7.522371041633181382e-13
-4.939114372370022909e-13
-3.209002490957390879e-13
-2.092231698833580556e-13
-1.367719046632030798e-13
-8.945341238301060342e-14
-3.389975387120454266e-09
-2.306424097578490844e-09
-1.629686368986382954e-09
-1.160297542718629809e-09
-8.246771977789001415e-10
-5.855964763829801587e-10
-4.140587237855956928e-10
-2.897662680482415504e-10
-1.999672203129032001e-10
-1.374147243993175700e-10
-9.308585845141144524e-11
-6.180822526115661704e-11
-4.010350100758926649e-11
-2.560474700839307312e-11
-1.645666406384755820e-11
-1.070498036002613028e-11
-6.882270019496160662e-12
-4.389950420397386260e-12
-2.795286754015075764e-12
-1.779405866991858129e-12
-1.133626575874921545e-12
-7.514973383355205324e-13
-4.935309517898191807e-13
-3.207081473612010466e-13
-2.091244792392137812e-13
-1.367201185055353780e-13
-8.942558953867689663e-14
-3.387066888935193528e-09
-2.295438784713053063e-09
-1.615538128897324951e-09
-1.145957760072021158e-09
-8.119356328790494399e-10
-5.753274387382064806e-10
-4.063970524027940916e-10
-2.844132364185304717e-10
-1.964413202427966465e-10
-1.351800269288741914e-10
-9.173077901168270483e-11
-6.102784738005489145e-11
-3.968006240401216467e-11
-2.538653243364676437e-11
-1.634532008872654297e-11
-1.064778097502296502e-11
-6.854098773362709216e-12
-4.376554688986650201e-12
-2.789012960483548682e-12
-1.776474634086491228e-12
-1.132244591473604464e-12
-7.507778122675258034e-13
-4.931619453420098633e-13
-3.205224086810502535e-13
-2.090292939813071594e-13
-1.366702380583248991e-13
-8.939877865731733512e-14
-3.386680925573008295e-09
-2.287034756358945143e-09
-1.603590392419355352e-09
-1.133316072755087612e-09
-8.004038490758275325e-10
-5.658655153049049863e-10
-3.992463381322523088e-10
-2.793692026847309914e-10
-1.930946466824033346e-10
-1.330474996124960492e-10
-9.043195868419269600e-11
-6.027697675970465626e-11
-3.927121746817521358e-11
-2.517522652147049178e-11
-1.623729204992046722e-11
-1.059223343869302179e-11
-6.826737749147837123e-12
-4.363554907871884820e-12
-2.782935184316175666e-12
-1.773641887785155352e-12
-1.130912844472943234e-12
-7.500861833473835955e-13
-4.928082269354381289e-13
-3.203448778569277625e-13
-2.089385199184881060e-13
-1.366227178500293432e-13
-8.937321472023770958e-14
-3.388370211231251993e-09
-2.280791543109433314e-09
-1.593489532498208100e-09
-1.122091530461429667e-09
-7.898683939390261636e-10
-5.570545837192739912e-10
-3.924964934956574280e-10
-2.745596364653694891e-10
-1.898789638633083432e-10
-1.309868879435851367e-10
-8.917119923689487407e-11
-5.954520801706117219e-11
-3.887135664820058830e-11
-2.496795423512954035e-11
-1.613111924161460033e-11
-1.053759019712013985e-11
-6.799820439279034720e-12
-4.350777823875555921e-12
-2.776972895977441369e-12
-1.770870359773068161e-12
-1.129613968394073976e-12
-7.494135132591325294e-13
-4.924652773237015188e-13
-3.201733203075115578e-13
-2.088510350960390420e-13
-1.365769832000839323e-13
-8.934859574633745250e-14
-3.391748308091991405e-09
-2.276522378626528390e-09
-1.585191456321403608e-09
-1.112325137301536960e-09
-7.804088012607272991e-10
-5.489797214721794455e-10
-3.862206456831334316e-10
-2.700398834977257891e-10
-1.868325328277368953e-10
-1.290231637748889501e-10
-8.796395466014008974e-11
-5.884157360493012986e-11
-3.848542953638753544e-11
-2.476727639014417875e-11
-1.602810516828067707e-11
-1.048451581534018547e-11
-6.773669884992089044e-12
-4.338374099451679991e-12
-2.771194890461298134e-12
-1.768191225642405974e-12
-1.128362158761394741e-12
-7.487669574130569460e-13
-4.921366227810617856e-13
-3.200094246097969713e-13
-2.087676591000025986e-13
-1.365334413672812732e-13
-8.932513120951000439e-14
-3.396496938376088971e-09
-2.273895521370392266e-09
-1.578402261818232307e-09
-1.103775593289467845e-09
-7.718375892074018559e-10
-5.415016499966392171e-10
-3.803194177687547305e-10
-2.657419710361618922e-10
-1.839109266598339285e-10
-1.271282022700213630e-10
-8.679315289741759307e-11
-5.815622326937623916e-11
-3.810807854510582646e-11
-2.457042511016549916e-11
-1.592683516542610139e-11
-1.043228354865950664e-11
-6.747928933365206541e-12
-4.326174788984488165e-12
-2.765522732781873745e-12
-1.765568290790924677e-12
-1.127140622227120888e-12
-7.481379109933073643e-13
-4.918179362602849072e-13
-3.198510648784916150e-13
-2.086873313759903930e-13
-1.364915521925079913e-13
-8.930253826181272911e-14
-3.402264392775200580e-09
-2.272713811183713155e-09
-1.573050404630738413e-09
-1.096454433452200194e-09
-7.642099780179797177e-10
-5.346883409958682678e-10
-3.748551276465546330e-10
-2.617149137924101847e-10
-1.811488902067694927e-10
-1.253250464052783737e-10
-8.567322028435718836e-11
-5.749766779522983000e-11
-3.774400520003077582e-11
-2.437984952271809979e-11
-1.582856191939744236e-11
-1.038153372135604142e-11
-6.722909082251603592e-12
-4.314324945605998580e-12
-2.760022387192076718e-12
-1.763031258660448258e-12
-1.125962772494228563e-12
-7.475330801805187869e-13
-4.915124890538178003e-13
-3.196997878893410698e-13
-2.086107928437876522e-13
-1.364516796151853853e-13
-8.928100291926716884e-14
-3.408841201632160067e-09
-2.272725305888512272e-09
-1.568897396357812744e-09
-1.090157651224216101e-09
-7.573629632475927805e-10
-5.284163332819956343e-10
-3.697384269775219978e-10
-2.578968890192752372e-10
-1.785055952050599441e-10
-1.235876080134276992e-10
-8.458817915041389350e-11
-5.685660724643109939e-11
-3.738810783292088310e-11
-2.419289363473745546e-11
-1.573192011037289692e-11
-1.033156235849024986e-11
-6.698263577575727558e-12
-4.302660440776121937e-12
-2.754617746203189434e-12
-1.760545109313865890e-12
-1.124812430951598754e-12
-7.469442118995514455e-13
-4.912161533976723360e-13
-3.195535785375339467e-13
-2.085370445303653634e-13
-1.364133175699759336e-13
-8.926026092320551426e-14
-3.415920416288666967e-09
-2.273736658511612212e-09
-1.565855734582313013e-09
-1.084874790832392713e-09
-7.513315239917881185e-10
-5.227383734069437101e-10
-3.650215723051083085e-10
-2.543308423884798400e-10
-1.760123598352055760e-10
-1.219370404348492018e-10
-8.355145058313229019e-11
-5.624104515857650119e-11
-3.704484910843375248e-11
-2.401190044375370046e-11
-1.563811483642601085e-11
-1.028298738138568942e-11
-6.674293366783882918e-12
-4.291321230025212528e-12
-2.749372198170979351e-12
-1.758138197520941309e-12
-1.123702288144359819e-12
-7.463775933452834279e-13
-4.909319609074983252e-13
-3.194138493856412361e-13
-2.084667524660476111e-13
-1.363767885294834580e-13
-8.924047571960134412e-14
-3.423379321748989541e-09
-2.275564877789430302e-09
-1.563736913096951089e-09
-1.080436319743205283e-09
-7.459755519928062783e-10
-5.175458447779477440e-10
-3.606246318782110217e-10
-2.509607367946770578e-10
-1.736317587295287546e-10
-1.203491968301638696e-10
-8.254811071885803790e-11
-5.564221782391261729e-11
-3.670937997173638800e-11
-2.383432573896206096e-11
-1.554583046953522329e-11
-1.023512779091784462e-11
-6.650662143599990798e-12
-4.280147966461506620e-12
-2.744211903702452710e-12
-1.755776623893724375e-12
-1.122616739708579962e-12
-7.458252946822064719e-13
-4.906559638664792925e-13
-3.192786835905559348e-13
-2.083989712896508829e-13
-1.363416155416029391e-13
-8.922139856058184929e-14
-3.430958334018246252e-09
-2.278029710236832968e-09
-1.562446471021192629e-09
-1.076816335091973095e-09
-7.413137053628394250e-10
-5.128782602828150105e-10
-3.565906811519712041e-10
-2.478237959527380768e-10
-1.713918131458580970e-10
-1.188433951053129927e-10
-8.159060119690882363e-11
-5.506763501424577090e-11
-3.638593147884519540e-11
-2.366241022667837862e-11
-1.545622653173336921e-11
-1.018858015237051574e-11
-6.627660817705572518e-12
-4.269275743059655505e-12
-2.739197776198122457e-12
-1.753487434173300274e-12
-1.121567766388470599e-12
-7.452931882032753487e-13
-4.903909545940898714e-13
-3.191493587091726607e-13
-2.083342911998349493e-13
-1.363080788180019895e-13
-8.920316974054513599e-14
-3.438598801408412849e-09
-2.281004794420356743e-09
-1.561839356299026124e-09
-1.073876368489268740e-09
-7.372269656726338794e-10
-5.086408352074630091e-10
-3.528486147294837738e-10
-2.448694298693956750e-10
-1.692583178641698257e-10
-1.173973363133826903e-10
-8.066500761282674528e-11
-5.450904979039879361e-11
-3.606989905641644917e-11
-2.349371782349394093e-11
-1.536803505979685170e-11
-1.014268513069744869e-11
-6.604962654643260910e-12
-4.258549417872419261e-12
-2.734257877356344022e-12
-1.751237624228128569e-12
-1.120540203318974869e-12
-7.447735836603432292e-13
-4.901331143366827899e-13
-3.190240255594279319e-13
-2.082718021987668426e-13
-1.362757197188213614e-13
-8.918554967446067187e-14
-3.446086013276207064e-09
-2.284328114549907959e-09
-1.561820743918441290e-09
-1.071580548935052012e-09
-7.337213100751045559e-10
-5.048618895137152981e-10
-3.494333317744078263e-10
-2.421295906547406008e-10
-1.672561913062260152e-10
-1.160285927295669417e-10
-7.978283627978063665e-11
-5.397350042422728005e-11
-3.576529324093605699e-11
-2.333039228757759425e-11
-1.528237254954729542e-11
-1.009801915001517010e-11
-6.582849068247586363e-12
-4.248099448033584615e-12
-2.729450736427432572e-12
-1.749052965869211444e-12
-1.119545334498854790e-12
-7.442719438250996889e-13
-4.898849982228502018e-13
-3.189038275284887510e-13
-2.082120190812981870e-13
-1.362447765019340000e-13
-8.916865578246806104e-14
-3.453403552247716884e-09
-2.287917046060181327e-09
-1.562281848764160191e-09
-1.069817667534959273e-09
-7.306968794704271098e-10
-5.014594967381010277e-10
-3.462820614685566512e-10
-2.395588945999780275e-10
-1.653543395722051681e-10
-1.147166686818755537e-10
-7.893116753015473774e-11
-5.345325405086644884e-11
-3.546775466765166194e-11
-2.317010642789494965e-11
-1.519801884726643469e-11
-1.005394429783910448e-11
-6.561002524687491181e-12
-4.237774554541837331e-12
-2.724706063580018543e-12
-1.746901185945845200e-12
-1.118568335326658266e-12
-7.437807570117470311e-13
-4.896428797921612869e-13
-3.187869616542525161e-13
-2.081540548973510813e-13
-1.362148019572886356e-13
-8.915225391761865174e-14
-3.460381906064073667e-09
-2.291633335761223654e-09
-1.563134218745862814e-09
-1.068547757735360166e-09
-7.281512215762204394e-10
-4.984534841960353329e-10
-3.434231089238859353e-10
-2.371849182682690036e-10
-1.635750900173244076e-10
-1.134776980779900337e-10
-7.812076043386231561e-11
-5.295499168352129365e-11
-3.518114089439878949e-11
-2.301494586909061467e-11
-1.511606969343410329e-11
-1.001102974438845626e-11
-6.539702219292443439e-12
-4.227704603126270236e-12
-2.720082248615313734e-12
-1.744808034652622584e-12
-1.117620497883683165e-12
-7.433054998499671050e-13
-4.894093290206301592e-13
-3.186745854941417091e-13
-2.080984370833499217e-13
-1.361860450062184173e-13
-8.913647023841833132e-14
-3.467043199728306572e-09
-2.295435058125415588e-09
-1.564303891408879894e-09
-1.067686641639781324e-09
-7.260041242965200574e-10
-4.957755852510180868e-10
-3.408029031352112829e-10
-2.349682780325307050e-10
-1.618911184562975979e-10
-1.122934957879169746e-10
-7.734005757936993030e-11
-5.247174554925419520e-11
-3.490149912864446950e-11
-2.286279056188662022e-11
-1.503541113307139607e-11
-9.968693422121374273e-12
-6.518659421586184904e-12
-4.217753054021691170e-12
-2.715516623248340641e-12
-1.742745247669442964e-12
-1.116689147660514391e-12
-7.428399086579727854e-13
-4.891813376156638273e-13
-3.185653041399392414e-13
-2.080445127335901907e-13
-1.361581937168861585e-13
-8.912114904683465104e-14
