-3.579368839110688631e-09
-2.443743019329366101e-09
-1.717824450831723014e-09
-1.208633046133696536e-09
-8.444127490863517482e-10
-5.880188487555231545e-10
-4.083058262776821189e-10
-2.819195519722878410e-10
-1.933298718998531624e-10
-1.331174375113740554e-10
-9.095834957675947437e-11
-6.122247818148565461e-11
-4.038541946116790063e-11
-2.621042292150552722e-11
-1.705660420741775976e-11
-1.117713852020181337e-11
-7.210288850414308141e-12
-4.596693005050111709e-12
-2.915993441349557957e-12
-1.845849608996810977e-12
-1.168734401533110325e-12
-7.709847997084098036e-13
-5.040671811655686898e-13
-3.262362527307457870e-13
-2.120029245351879102e-13
-1.381932135338805232e-13
-9.015546987374113267e-14
-3.604939643053856741e-09
-2.468622939533708743e-09
-1.739781716236088510e-09
-1.226845643762766617e-09
-8.587303403042389482e-10
-5.987485349688622475e-10
-4.160132046125473104e-10
-2.872419276602680913e-10
-1.968732752057348349e-10
-1.354302648887691093e-10
-9.242516137005455241e-11
-6.211839232210299656e-11
-4.090749325861994220e-11
-2.650122588775252052e-11
-1.721587904557640671e-11
-1.126378727106570732e-11
-7.255174002297151202e-12
-4.618911114317795223e-12
-2.926671618025704433e-12
-1.850893107872863312e-12
-1.171107135550304811e-12
-7.722110535575491207e-13
-5.046908615659913502e-13
-3.265477256469090142e-13
-2.121611426853829639e-13
-1.382749249651786104e-13
-9.019837078579101199e-14
-3.635401743084743835e-09
-2.497253211774317163e-09
-1.764490998230615880e-09
-1.246992070082261427e-09
-8.743454958832442013e-10
-6.103148724420575252e-10
-4.242420570129330902e-10
-2.928790522771960521e-10
-2.006011636911418847e-10
-1.378506813420834566e-10
-9.395340589586045306e-11
-6.304824962575127210e-11
-4.144756721619317935e-11
-2.680128978782486617e-11
-1.737997200570229784e-11
-1.135300015049213841e-11
-7.301388854208147671e-12
-4.641804303151495056e-12
-2.937689511355375799e-12
-1.856106906129860382e-12
-1.173565464634927334e-12
-7.734840484460624265e-13
-5.053396933335152385e-13
-3.268724520125030666e-13
-2.123263566493746106e-13
-1.383603057240036570e-13
-9.024315986847006709e-14
-3.671892478349679251e-09
-2.530473144020347356e-09
-1.792565553521630853e-09
-1.269511311099403619e-09
-8.915645741056586092e-10
-6.229271132438009602e-10
-4.331324801779899501e-10
-2.989226814474061510e-10
-2.045722876161412793e-10
-1.404160411196244825e-10
-9.556634074932415641e-11
-6.402607340204632768e-11
-4.201374583589874312e-11
-2.711511223483522033e-11
-1.755134727804990213e-11
-1.144612172805171756e-11
-7.349633362301578817e-12
-4.665721244130207981e-12
-2.949215777987129545e-12
-1.861571071075848639e-12
-1.176147155853885869e-12
-7.748233023827019444e-13
-5.060235860495564155e-13
-3.272153583726605001e-13
-2.125010455722065919e-13
-1.384506147785022995e-13
-9.029048104342031278e-14
-3.714681347086783469e-09
-2.568312099422341359e-09
-1.823925239146444548e-09
-1.294281382714885504e-09
-9.102622891392957052e-10
-6.364768450932630276e-10
-4.425998186575870676e-10
-3.053113327019820933e-10
-2.087444721799329969e-10
-1.430983974440946344e-10
-9.724612991883419703e-11
-6.504097152217283253e-11
-4.259971938976849296e-11
-2.743921775846410643e-11
-1.772812905877068385e-11
-1.154214822045903676e-11
-7.399397816497992612e-12
-4.690415491749721117e-12
-2.961135040980364856e-12
-1.867232622433775761e-12
-1.178828010102375191e-12
-7.762166265184608313e-13
-5.067365248640486789e-13
-3.275735470715907659e-13
-2.126837910348113476e-13
-1.385451441409147573e-13
-9.033997220830094524e-14
-3.765209814139503624e-09
-2.611807336129739415e-09
-1.859315188704074563e-09
-1.321828419957593311e-09
-9.308015175773206242e-10
-6.512094432239617238e-10
-4.528069398615325787e-10
-3.121508685508587701e-10
-2.131850481364815702e-10
-1.459403274292843559e-10
-9.901916236711281638e-11
-6.610879604763887729e-11
-4.321462363036301375e-11
-2.777866844341846832e-11
-1.791309068028668330e-11
-1.164259483425852186e-11
-7.451473106059446678e-12
-4.716282699529455923e-12
-2.973639823465456512e-12
-1.873183659389785948e-12
-1.181651875697262558e-12
-7.776868827253851781e-13
-5.074902389329130271e-13
-3.279529214096919238e-13
-2.128776025216023660e-13
-1.386454426128496240e-13
-9.039243577072822786e-14
-3.823711373649691598e-09
-2.660934712043808946e-09
-1.898607000306801907e-09
-1.351993121470333229e-09
-9.530308682072197302e-10
-6.669995717090525665e-10
-4.636588393585846438e-10
-3.193737832285039631e-10
-2.178484833762410975e-10
-1.489120408583654712e-10
-1.008666260264250735e-10
-6.721816645788165607e-11
-4.385192218309310084e-11
-2.812989053547863808e-11
-1.810431384001945989e-11
-1.174643872911566768e-11
-7.505341145923652996e-12
-4.743072727004446296e-12
-2.986613072948529973e-12
-1.879370427205523765e-12
-1.184594193442529031e-12
-7.792217000475896006e-13
-5.082786256585504188e-13
-3.283505452314558598e-13
-2.130810469598327995e-13
-1.387507986619355935e-13
-9.044751097730085775e-14
-3.891963483107253991e-09
-2.716944720584132060e-09
-1.942684958356386255e-09
-1.385391676631408645e-09
-9.773703199605704565e-10
-6.841282469926808182e-10
-4.753403098234397148e-10
-3.270991884491459507e-10
-2.228099680804739575e-10
-1.520607884235381148e-10
-1.028176488127477579e-10
-6.838649834324861537e-11
-4.452161248603655996e-11
-2.849840744254548879e-11
-1.830481963404159799e-11
-1.185532953121545235e-11
-7.561863147176345119e-12
-4.771216808377310135e-12
-3.000264954321117618e-12
-1.885893667384526810e-12
-1.187703037138609329e-12
-7.808461948578245301e-13
-5.091146001558803976e-13
-3.287729343053262894e-13
-2.132974526534956194e-13
-1.388629271412396359e-13
-9.050608589305686140e-14
-3.970121627192602312e-09
-2.779732799662341502e-09
-1.991355864411091371e-09
-1.421817695316616952e-09
-1.003636811960531910e-09
-7.024500778708198707e-10
-4.877442209310163819e-10
-3.352525307281526231e-10
-2.280200096064666238e-10
-1.553545671152301803e-10
-1.048522139407847025e-10
-6.960178248149709631e-11
-4.521684750913255794e-11
-2.888049819113137796e-11
-1.851261893890909826e-11
-1.196820894663676295e-11
-7.620503467166099654e-12
-4.800456096341968724e-12
-3.014474030129058272e-12
-1.892697384885261394e-12
-1.190952687271758761e-12
-7.825473439796642072e-13
-5.099916976610698785e-13
-3.292169551609536598e-13
-2.135252788363920132e-13
-1.389810579388046930e-13
-9.056776832023794289e-14
-4.060348876152444157e-09
-2.850791281997547036e-09
-2.045660652149164068e-09
-1.461988130623601308e-09
-1.032313872861467753e-09
-7.222855660489880468e-10
-5.010795691031441425e-10
-3.439675124901927764e-10
-2.335624438152647275e-10
-1.588457706157134920e-10
-1.070024687598637708e-10
-7.088316399946771830e-11
-4.594858301877129022e-11
-2.928220306517403856e-11
-1.873101279166766689e-11
-1.208687976154800574e-11
-7.682204169434466819e-12
-4.831263110621201747e-12
-3.029471111050664306e-12
-1.899892511025960647e-12
-1.194396231241123041e-12
-7.843529508932929338e-13
-5.109242533788039318e-13
-3.296898605469394362e-13
-2.137682391734370170e-13
-1.391071073774771346e-13
-9.063355060992462670e-14
-4.162679135048028086e-09
-2.929910353504742724e-09
-2.105327646367717461e-09
-1.505642424090451980e-09
-1.063183410752389149e-09
-7.434677960883611520e-10
-5.152265124267026089e-10
-3.531623284922960228e-10
-2.393837611018597941e-10
-1.625001729754297607e-10
-1.092471937492762118e-10
-7.221800837854054167e-11
-4.670966366881593959e-11
-2.969965521131097064e-11
-1.895794207324237396e-11
-1.221024879998098021e-11
-7.746412460287158288e-12
-4.863370578586733931e-12
-3.045130559365176413e-12
-1.907420925003206227e-12
-1.198006857155666506e-12
-7.862493813641632973e-13
-5.119054644739076921e-13
-3.301883332128861394e-13
-2.140246926163930601e-13
-1.392402506893869469e-13
-9.070301108821020088e-14
-4.279709809121920567e-09
-3.018853347663285086e-09
-2.171572815975497825e-09
-1.553609872562555508e-09
-1.096799685251827403e-09
-7.663611682089342222e-10
-5.304209461760561188e-10
-3.629869030580307338e-10
-2.455774209908447885e-10
-1.663759032216466043e-10
-1.116219120666486724e-10
-7.362740109691810367e-11
-4.751212531635115214e-11
-3.013948079827358640e-11
-1.919702707223905465e-11
-1.234029454054784260e-11
-7.814163722638887689e-12
-4.897298969806449950e-12
-3.061707308680611813e-12
-1.915405532026356119e-12
-1.201843575747825497e-12
-7.882676275387021938e-13
-5.129513595101953884e-13
-3.307205096043633096e-13
-2.142988176341350756e-13
-1.393826487407992435e-13
-9.077726964078118535e-14
-4.411301857107886104e-09
-3.117278196178565010e-09
-2.244031981432793334e-09
-1.605568923811874513e-09
-1.132906589699794523e-09
-7.907760997239691375e-10
-5.465299665640166857e-10
-3.733521287818372040e-10
-2.520859329704704827e-10
-1.704365549314985014e-10
-1.141042311872123809e-10
-7.509809889767386697e-11
-4.834851194029489854e-11
-3.059767008713472309e-11
-1.944613979833519487e-11
-1.247588939792202913e-11
-7.884888246929132910e-12
-4.932772734281609225e-12
-3.079071625972376513e-12
-1.923786159751382657e-12
-1.205878532930241586e-12
-7.903934775595581509e-13
-5.140548188898345903e-13
-3.312829016790752007e-13
-2.145888806334413696e-13
-1.395334266397130957e-13
-9.085587772086943311e-14
-4.560529288341752793e-09
-3.227245208167944622e-09
-2.324112765618830322e-09
-1.662471801571528707e-09
-1.172135745588801238e-09
-8.171250071156859842e-10
-5.638189078878380709e-10
-3.844257016999021288e-10
-2.590133127054553162e-10
-1.747465556843183258e-10
-1.167333859676038560e-10
-7.665332357532670889e-11
-4.923205070234002169e-11
-3.108149700698876082e-11
-1.970925449147936602e-11
-1.261920719707719639e-11
-7.959725499422110015e-12
-4.970365997096062571e-12
-3.097505525216007673e-12
-1.932699197170067275e-12
-1.210177429863035137e-12
-7.926615342083268974e-13
-5.152337940201230241e-13
-3.318846526219695840e-13
-2.148995914649683776e-13
-1.396950258893577014e-13
-9.094010224307883804e-14
-4.727017999047642003e-09
-3.348248639867484460e-09
-2.411342358481497231e-09
-1.723928077907402198e-09
-1.214189489442227486e-09
-8.451941813252724466e-10
-5.821412628732542985e-10
-3.961110390531891366e-10
-2.662980417198613734e-10
-1.792673019742658668e-10
-1.194857981682395766e-10
-7.827920976276475181e-11
-5.015497230870575325e-11
-3.158679896468392895e-11
-1.998416744592568817e-11
-1.276908166293226417e-11
-8.038086407785689765e-12
-5.009793641051666246e-12
-3.116874540494456442e-12
-1.942082120724856909e-12
-1.214711234303257215e-12
-7.950569410349251428e-13
-5.164808164442153669e-13
-3.325220886617370265e-13
-2.152291170114857228e-13
-1.398665182578708267e-13
-9.102946635549365367e-14
-4.914341844418818826e-09
-3.482660178486223933e-09
-2.507329205599397757e-09
-1.791018703346643184e-09
-1.259780427442119338e-09
-8.754463131668649183e-10
-6.017932101295531069e-10
-4.085944727784825037e-10
-2.740552111707224170e-10
-1.840698284599323714e-10
-1.224045923386733077e-10
-8.000121448834781199e-11
-5.113174812117289605e-11
-3.212152541126640969e-11
-2.027522179886870242e-11
-1.292789026633433828e-11
-8.121219046097742603e-12
-5.051685868620768876e-12
-3.137489048765918470e-12
-1.952085477642095886e-12
-1.219552692417466285e-12
-7.976181124287325227e-13
-5.178158732734044106e-13
-3.332054223455787627e-13
-2.155827335481893715e-13
-1.400506455293542913e-13
-9.112539499891755791e-14
-5.121807634047256295e-09
-3.629766586998437708e-09
-2.611467997482926270e-09
-1.863271550457941659e-09
-1.308562648416873599e-09
-9.076401070828977887e-10
-6.226128317280322839e-10
-4.217709772737211181e-10
-2.822187319934179176e-10
-1.891130046202037212e-10
-1.254647942622014300e-10
-8.180471426995977481e-11
-5.215420894709044750e-11
-3.268130760598933940e-11
-2.058010624910666099e-11
-1.309440942094586525e-11
-8.208504688588080053e-12
-5.095742601331494357e-12
-3.159207133615167447e-12
-1.962643062496008244e-12
-1.224670951807245865e-12
-8.003292104718004277e-13
-5.192309732617883459e-13
-3.339307060475745310e-13
-2.159584633915750295e-13
-1.402464031393571946e-13
-9.122737141881542408e-14
-5.353459913237977054e-09
-3.792231543957514614e-09
-2.725554770377625230e-09
-1.941887403929057245e-09
-1.361323942152039801e-09
-9.422848440427009310e-10
-6.449248614737433610e-10
-4.358441214592683166e-10
-2.909139207435848816e-10
-1.944739434099309204e-10
-1.287130865841604013e-10
-8.371719492871397457e-11
-5.323794484050080286e-11
-3.327469659244672507e-11
-2.090349001856555693e-11
-1.327119578049221696e-11
-8.301286727493051472e-12
-5.142643245317773470e-12
-3.182364109644363846e-12
-1.973917921103334441e-12
-1.230145012354292128e-12
-8.032320511765247472e-13
-5.207479313480336201e-13
-3.347091191006478300e-13
-2.163620985950317349e-13
-1.404568084175137176e-13
-9.133696685460103495e-14
-5.608144146287087439e-09
-3.969053210826639728e-09
-2.848803040308626694e-09
-2.026283189598087106e-09
-1.417652776192780398e-09
-9.791013318884022498e-10
-6.685458304416038806e-10
-4.506967725358827328e-10
-3.000679226984612344e-10
-2.001076395585847360e-10
-1.321222673322000267e-10
-8.572276624998511855e-11
-5.437408264862415792e-11
-3.389694045730129407e-11
-2.124285213467114704e-11
-1.345691002728118023e-11
-8.398884853497609452e-12
-5.192056070612141023e-12
-3.206802166592917200e-12
-1.985835993333921546e-12
-1.235940161864623281e-12
-8.063087318142114939e-13
-5.223576668774065522e-13
-3.355361491363011113e-13
-2.167913664211254017e-13
-1.406807027288267725e-13
-9.145358495498501799e-14
-5.890206784702649373e-09
-4.163076145019841738e-09
-2.983121814290420330e-09
-2.117730044805692358e-09
-1.478380070921726031e-09
-1.018625064400706060e-09
-6.938162842447909079e-10
-4.665419056538880642e-10
-3.098115399350641744e-10
-2.060943919918087000e-10
-1.357408226235501078e-10
-8.784989535268181492e-11
-5.557872140008041311e-11
-3.455684542641530472e-11
-2.160299165498393925e-11
-1.365417691562154509e-11
-8.502677513858828791e-12
-5.244678323081363926e-12
-3.232865721524853185e-12
-1.998565002887645490e-12
-1.242137832248150481e-12
-8.096024414517510672e-13
-5.240827633902846420e-13
-3.364234002854109237e-13
-2.172522956720027668e-13
-1.409212357056479749e-13
-9.157887073005347147e-14
-6.197723480760985660e-09
-4.372818845354896802e-09
-3.127420593111734229e-09
-2.215455220035248984e-09
-1.542978973846726452e-09
-1.060507880783631164e-09
-7.205119434013968552e-10
-4.832384887740967971e-10
-3.200580216195251843e-10
-2.123809721732431693e-10
-1.395366878210035096e-10
-9.007985490651878192e-11
-5.684137134700090738e-11
-3.524875825092897547e-11
-2.198088420095678416e-11
-1.386137486777189136e-11
-8.611832251335592309e-12
-5.300099333402132731e-12
-3.260357098907805336e-12
-2.012011137996041671e-12
-1.248693604162567583e-12
-8.130900913705030638e-13
-5.259114099429661530e-13
-3.373649487177987307e-13
-2.177418784799439510e-13
-1.411768663017297103e-13
-9.171203111028988747e-14
-6.534806903124019577e-09
-4.600952734092923048e-09
-3.283483273200407498e-09
-2.320642050908056329e-09
-1.612220799112807112e-09
-1.105245933516756874e-09
-7.489480256294843167e-10
-5.009835798906141368e-10
-3.309283580475582939e-10
-2.190415925234902351e-10
-1.435545877393597286e-10
-9.243881603131957288e-11
-5.817676013842111152e-11
-3.598068509454305016e-11
-2.238086545411165465e-11
-1.408086215091890544e-11
-8.727581213216833739e-12
-5.358939660257032309e-12
-3.289581927305737387e-12
-2.026323029589258141e-12
-1.255679654237895843e-12
-8.168100044499311258e-13
-5.278636793088226207e-13
-3.383711324869221337e-13
-2.182655027105504206e-13
-1.414504217823042334e-13
-9.185455213886031572e-14
-6.897989408700322797e-09
-4.845014825028431738e-09
-3.449581684917120176e-09
-2.432108136790952583e-09
-1.685321110451609915e-09
-1.152331464892060687e-09
-7.788025511654902713e-10
-5.195771966904360129e-10
-3.423007183967879004e-10
-2.260019699857842886e-10
-1.477499091412951660e-10
-9.490069969538596387e-11
-5.957019822438448205e-11
-3.674462450040889659e-11
-2.279859474884137806e-11
-1.431027621495082723e-11
-8.848690845483174629e-12
-5.420579686064214520e-12
-3.320236637928719547e-12
-2.041354248024551344e-12
-1.263025645004574728e-12
-8.207252267663005600e-13
-5.299204531887173296e-13
-3.394322471117416592e-13
-2.188181905169037772e-13
-1.417393362496676136e-13
-9.200511359901512293e-14
-7.289681108523477003e-09
-5.106525601521437424e-09
-3.626713435176021842e-09
-2.550507534272909064e-09
-1.762703386045014291e-09
-1.202036551668921107e-09
-8.102490980943360227e-10
-5.391287875201220004e-10
-3.542430299636859057e-10
-2.333041227319482905e-10
-1.521480491341922094e-10
-9.748028731546616113e-11
-6.102986864437698934e-11
-3.754490032015741113e-11
-2.323633132347803590e-11
-1.455080077616749455e-11
-8.975754967017520127e-12
-5.485306554925647499e-12
-3.352457725870457683e-12
-2.057169448430564025e-12
-1.270762489160184358e-12
-8.248520760007056269e-13
-5.320902553281499740e-13
-3.405526871128197818e-13
-2.194022516853213176e-13
-1.420448470456156843e-13
-9.216439076237211757e-14
-7.702911571436958299e-09
-5.380732890310410836e-09
-3.811625665533315624e-09
-2.673653687980005364e-09
-1.842935817743258802e-09
-1.253442945196009291e-09
-8.427094210916861715e-10
-5.592814033349588488e-10
-3.665391603664627650e-10
-2.408169674349995651e-10
-1.566705594234100321e-10
-1.001317372615275313e-10
-6.252983661679363296e-11
-3.836724355023123498e-11
-2.368622574877905729e-11
-1.479809753648496933e-11
-9.106469152598887166e-12
-5.551941673091069122e-12
-3.385657668572840371e-12
-2.073480756854626617e-12
-1.278750009967359349e-12
-8.291161696097621733e-13
-5.343342073905322300e-13
-3.417125077542120888e-13
-2.200073648855290399e-13
-1.423616049660242216e-13
-9.232963001115031524e-14
-8.134877125879027310e-09
-5.665621490098889797e-09
-4.002892979000546263e-09
-2.800564362135966539e-09
-1.925363037488022005e-09
-1.306125724644713104e-09
-8.759155895586825076e-10
-5.798711687100664546e-10
-3.790916714052445917e-10
-2.484825399480905363e-10
-1.612831604993623696e-10
-1.028349360865560256e-10
-6.405841245440482974e-11
-3.920489080428187159e-11
-2.414432311593504121e-11
-1.504984729556828111e-11
-9.239526756198967497e-12
-5.619779472960142126e-12
-3.419468527527421004e-12
-2.090101603440620059e-12
-1.286895158208178778e-12
-8.334674522253872906e-13
-5.366258368673274216e-13
-3.428979976234084591e-13
-2.206264100917226801e-13
-1.426859460880762380e-13
-9.249898860935907985e-14
-8.571117780347825421e-09
-5.951350569859519487e-09
-4.193769526176087813e-09
-2.926690078956799823e-09
-2.006992432444538930e-09
-1.358156366999655603e-09
-9.086482359148638835e-10
-6.001435862227014716e-10
-3.914436145574542562e-10
-2.560240871698422024e-10
-1.658204836462502113e-10
-1.054932689671433350e-10
-6.556079166158360539e-11
-4.002749399395022456e-11
-2.459377327725367660e-11
-1.529664085154288836e-11
-9.369872059676199984e-12
-5.686203182142070431e-12
-3.452570974672546597e-12
-2.106378924263160135e-12
-1.294877109386228007e-12
-8.377345863152826124e-13
-5.388750036677176885e-13
-3.440626069773906320e-13
-2.212351638879565702e-13
-1.430052701923331183e-13
-9.266597327356159843e-14
-8.998532718655207464e-09
-6.228545286635472504e-09
-4.377595686444335073e-09
-3.047403419579248767e-09
-2.084700906968960601e-09
-1.407480756175000481e-09
-9.395895433285980258e-10
-6.192759988719253285e-10
-4.030948227870174322e-10
-2.631383844198313126e-10
-1.701010932838020398e-10
-1.080002521190758726e-10
-6.697597235017493008e-11
-4.080073768517720127e-11
-2.501516730726847480e-11
-1.552744303490141984e-11
-9.491466801329881370e-12
-5.748033590353140354e-12
-3.483338663239008747e-12
-2.121498460752576229e-12
-1.302292510041048850e-12
-8.417010758738167088e-13
-5.409672991189486670e-13
-3.451470234161444087e-13
-2.218026977569493100e-13
-1.433035046691483275e-13
-9.282234556828140154e-14
-9.395247798355252598e-09
-6.481215043249819240e-09
-4.542840077116088090e-09
-3.154590453235787558e-09
-2.152950246435484117e-09
-1.450418483551538727e-09
-9.663543336782320251e-10
-6.357635077118334545e-10
-4.131199819712331592e-10
-2.692587319628892923e-10
-1.737831850131700239e-10
-1.101544179083380031e-10
-6.818864190508035634e-11
-4.146018796440478662e-11
-2.537243621524549072e-11
-1.572197232530797173e-11
-9.593340807677918367e-12
-5.799557562558008247e-12
-3.508875450439289943e-12
-2.134019909434208317e-12
-1.308430961088255594e-12
-8.449864200815248800e-13
-5.427019443293651074e-13
-3.460472406685936372e-13
-2.222747425633854380e-13
-1.435523633107958124e-13
-9.295351209563585074e-14
-9.751331248425810420e-09
-6.698988425821846289e-09
-4.680541775031640276e-09
-3.241120807125951202e-09
-2.206406630314608339e-09
-1.483177758286726341e-09
-9.863608755242424259e-10
-6.479161685187507936e-10
-4.204503940807211317e-10
-2.737164568817929721e-10
-1.764557239203662020e-10
-1.117089674342885748e-10
-6.905489046009794371e-11
-4.192399880080014578e-11
-2.561909228298495029e-11
-1.585379666886638534e-11
-9.661060304492931870e-12
-5.833199410526006865e-12
-3.525318540517651539e-12
-2.142014425416472723e-12
-1.312338643822843658e-12
-8.470790488937213769e-13
-5.438086945045826248e-13
-3.466231386552045118e-13
-2.225781621578762470e-13
-1.437137548860783245e-13
-9.303986755484840280e-14
-1.008590881908929284e-08
-6.887278278709278551e-09
-4.790460643790162222e-09
-3.304490533426036218e-09
-2.242021404552961851e-09
-1.503008154651295307e-09
-9.974489074661828371e-10
-6.541748780743387859e-10
-4.240251773115047766e-10
-2.758101273676083483e-10
-1.776676176263134037e-10
-1.123828037554820961e-10
-6.940606394421589461e-11
-4.209449384090299205e-11
-2.569921394064242498e-11
-1.589107375236298097e-11
-9.677269295990519479e-12
-5.839885245381948538e-12
-3.528062677105123105e-12
-2.143192428144142655e-12
-1.312887331798880731e-12
-8.473751509568746944e-13
-5.439691405910008394e-13
-3.467098346978921021e-13
-2.226269223372716542e-13
-1.437428254029208845e-13
-9.305826101025497782e-14
-1.049012965651340454e-08
-7.093964075049616188e-09
-4.897809310227496685e-09
-3.357087634603616649e-09
-2.265127299437429897e-09
-1.511738071230762941e-09
-9.998959506956317863e-10
-6.542371794315614392e-10
-4.234056918217245442e-10
-2.751411781366530168e-10
-1.771069082178850294e-10
-1.119526021041717414e-10
-6.909388569359582036e-11
-4.187960472769963852e-11
-2.555785465255759161e-11
-1.580178835090350713e-11
-9.624265772593094380e-12
-5.810289005118699555e-12
-3.512361711122607328e-12
-2.135195250087987414e-12
-1.308917300324396666e-12
-8.452555141386830724e-13
-5.428575559889853126e-13
-3.461390656720290782e-13
-2.223334247350586349e-13
-1.435940197268272431e-13
-9.298525546821347680e-14
-1.114449272724053851e-08
-7.425804811295782837e-09
-5.066302924605256044e-09
-3.435793489750435285e-09
-2.296089809337864936e-09
-1.520166450648987752e-09
-9.992028125539680445e-10
-6.507570298846072075e-10
-4.197761765994169862e-10
-2.721981359629340474e-10
-1.749361450509847083e-10
-1.104414265694456525e-10
-6.809434859739739630e-11
-4.124962482153542392e-11
-2.517264947826938359e-11
-1.557162733453104889e-11
-9.493782461979394586e-12
-5.740000030501150317e-12
-3.475985558385105101e-12
-2.116932333990724302e-12
-1.299902761402263799e-12
-8.404438116863024526e-13
-5.403307885043317926e-13
-3.448378971935694687e-13
-2.216600830829439184e-13
-1.432479189261544381e-13
-9.281089146354835772e-14
-1.229596616187956067e-08
-8.041189591880744072e-09
-5.396641427289622419e-09
-3.602574060785517790e-09
-2.371419606466679180e-09
-1.549048379151028929e-09
-1.006789370959512016e-09
-6.497767933710938063e-10
-4.161866325869699545e-10
-2.684845767513814954e-10
-1.718540659992639267e-10
-1.081446034413591104e-10
-6.651604656087440140e-11
-4.023835436425920736e-11
-2.455284593086905244e-11
-1.520275403669178348e-11
-9.286013132792929254e-12
-5.628886158294115020e-12
-3.418849395150401400e-12
-2.088381103484084601e-12
-1.285848797920459390e-12
-8.329505038446573188e-13
-5.363984160705541026e-13
-3.428132531348814763e-13
-2.206113472946985646e-13
-1.427072161577911906e-13
-9.253674228308562209e-14
-1.414415953422829900e-08
-9.090221697465753720e-09
-5.994764278985055723e-09
-3.928555083278479828e-09
-2.536500793375819704e-09
-1.626134341909972386e-09
-1.038997856950498800e-09
-6.605425052820325737e-10
-4.176512386093463762e-10
-2.666781669037303796e-10
-1.692425762805831431e-10
-1.057436860972338756e-10
-6.467951101599568133e-11
-3.899386975099248626e-11
-2.377016186317706836e-11
-1.473198147480132281e-11
-9.019731159435209642e-12
-5.486443933198158818e-12
-3.345737950101653012e-12
-2.051938047814429206e-12
-1.267952945061705642e-12
-8.234245549425145656e-13
-5.314068626185265008e-13
-3.402465111748618037e-13
-2.192826639699119117e-13
-1.420220060216988140e-13
-9.218881120641518948e-14
-1.674700263308643224e-08
-1.065402642030603412e-08
-6.933626871535696466e-09
-4.470727308672129174e-09
-2.831912636444451579e-09
-1.778313244554715973e-09
-1.112631011580970519e-09
-6.929952795791839096e-10
-4.297490790400551684e-10
-2.698359943464051168e-10
-1.687161596514087901e-10
-1.040539226746446117e-10
-6.297798066778497223e-11
-3.770232965765277974e-11
-2.291633695032754124e-11
-1.420679044406905902e-11
-8.719191824753860021e-12
-5.324894146450170875e-12
-3.262762997499441327e-12
-2.010638768720319543e-12
-1.247720406653592539e-12
-8.126773528844570626e-13
-5.257872302218988538e-13
-3.373624902431208543e-13
-2.177920239672870748e-13
-1.412541315338169982e-13
-9.179919938495176168e-14
-1.988088271279982768e-08
-1.264556856704965173e-08
-8.187183309558223836e-09
-5.230411192854963490e-09
-3.268838297359800713e-09
-2.017785185434612557e-09
-1.237527459152626071e-09
-7.539866039861137343e-10
-4.568131644137306569e-10
-2.805664421754241682e-10
-1.717823368517431768e-10
-1.039139478059097699e-10
-6.186139562057195398e-11
-3.660048644848638514e-11
-2.211818067050277507e-11
-1.369648960889409607e-11
-8.421128795152227845e-12
-5.163110359381775474e-12
-3.179414225457959272e-12
-1.969180001535730980e-12
-1.227461217816461044e-12
-8.019444833050762872e-13
-5.201908336947233168e-13
-3.344983021851316480e-13
-2.163152147794520004e-13
-1.404951739656401776e-13
-9.141513838771852881e-14
-2.313376564868760133e-08
-1.484426851463879066e-08
-9.640795828202614983e-09
-6.153406734541714422e-09
-3.825674814395652051e-09
-2.338273850941395663e-09
-1.413479814749647652e-09
-8.450843282596508651e-10
-5.004813722720904162e-10
-3.000999837648796172e-10
-1.792599249367469835e-10
-1.058309337369689931e-10
-6.162664975314815046e-11
-3.585519165133083118e-11
-2.146877392373162865e-11
-1.325304628822172865e-11
-8.153390231446435391e-12
-5.015442274241815443e-12
-3.102886821150446937e-12
-1.931102404833944841e-12
-1.208904911670735923e-12
-7.921459897506330552e-13
-5.151001182454805767e-13
-3.319024545733332556e-13
-2.149813180624769116e-13
-1.398121601847042477e-13
-9.107108758937407215e-14
-2.595571636403513314e-08
-1.690517162142639318e-08
-1.108447946875534431e-08
-7.118567031244632571e-09
-4.437220476180011869e-09
-2.706840351240054001e-09
-1.624824108371516383e-09
-9.593584931210616167e-10
-5.579700452652431990e-10
-3.274286220545692794e-10
-1.908942858921862145e-10
-1.098368767748240591e-10
-6.238146054680519598e-11
-3.556502404225582663e-11
-2.103682641608737941e-11
-1.291928317367878867e-11
-7.940464440223433209e-12
-4.894945019499335577e-12
-3.039808496682626981e-12
-1.899664805380036775e-12
-1.193630302906408746e-12
-7.841140392390424129e-13
-5.109471444503036334e-13
-3.297953196634794127e-13
-2.139037806317845155e-13
-1.392634559469018488e-13
-9.079672351310150457e-14
-2.795998652914785382e-08
-1.855192304052388747e-08
-1.233318697324347530e-08
-8.009443706828248512e-09
-5.035020818480863556e-09
-3.085561980419098888e-09
-1.851603988918156829e-09
-1.086841494698319665e-09
-6.245667449919241546e-10
-3.603776929890821787e-10
-2.057497732601051909e-10
-1.155788248898641230e-10
-6.402256103097279652e-11
-3.571493161538310580e-11
-2.082898681840009701e-11
-1.270363265241110424e-11
-7.788422873216617674e-12
-4.805145910725602712e-12
-2.991998741543999432e-12
-1.875743190446068037e-12
-1.182044543405150985e-12
-7.780546466781376364e-13
-5.078342613274585619e-13
-3.282268019590339747e-13
-2.131072456843425885e-13
-1.388612066922323343e-13
-9.059791006674328495e-14
-2.895171111553153593e-08
-1.960121761015429169e-08
-1.324239031032386824e-08
-8.722507078440175719e-09
-5.550750965860674959e-09
-3.432405827017577527e-09
-2.069481632871477462e-09
-1.214255174669621184e-09
-6.934578488059624481e-10
-3.955633114511071674e-10
-2.222473083368407975e-10
-1.223868132302306458e-10
-6.630225766690627532e-11
-3.622722225139521911e-11
-2.082391476935531728e-11
-1.260125766735253453e-11
-7.697082116315845722e-12
-4.746616206230307058e-12
-2.959860009772852041e-12
-1.859526319224518489e-12
-1.174217573732313432e-12
-7.739924529770517189e-13
-5.057674409930941725e-13
-3.271964735115163505e-13
-2.125898660511397116e-13
-1.386036014807619883e-13
-9.047320484620349062e-14
-2.899061629608225733e-08
-2.003636823750078873e-08
-1.377204515671136911e-08
-9.216166067305727264e-09
-5.950428107691138064e-09
-3.723329154560682995e-09
-2.263098027121563136e-09
-1.332576641313528575e-09
-7.597273987011734307e-10
-4.304143191325694275e-10
-2.391145425376135929e-10
-1.296738796956737067e-10
-6.897077043217175608e-11
-3.700101245991466707e-11
-2.097921699237575212e-11
-1.259285384335957802e-11
-7.657537993838969532e-12
-4.715143939661769778e-12
-2.941334588462901414e-12
-1.849989112654052866e-12
-1.169632790886432321e-12
-7.716443731599018235e-13
-5.045937616204702493e-13
-3.266233289600305266e-13
-2.123085481128935585e-13
-1.384677492681003334e-13
-9.041054211907386474e-14
-2.825206846139161040e-08
-1.992094847380006521e-08
-1.393251216263993080e-08
-9.477380303394762359e-09
-6.214244719194155863e-09
-3.940295962461797786e-09
-2.419119473824382432e-09
-1.433179067416805938e-09
-8.183566740381293923e-10
-4.621978862574284280e-10
-2.549633347600901027e-10
-1.367887938065884889e-10
-7.174867896978075710e-11
-3.792378216035596262e-11
-2.124834436530709032e-11
-1.265773979267464564e-11
-7.660552127148312979e-12
-4.706501246734027302e-12
-2.934410580374945851e-12
-1.846146156723548952e-12
-1.167797960959368806e-12
-7.707415053556284985e-13
-5.041681845001438070e-13
-3.264305890150240942e-13
-2.122224371968946713e-13
-1.384319173797382010e-13
-9.039843332653107068e-14
-2.696397887038949238e-08
-1.937824363327022806e-08
-1.378518508480894399e-08
-9.531541279382423918e-09
-6.348668968315557856e-09
-4.081849436905880368e-09
-2.533993305996428376e-09
-1.512850826576096349e-09
-8.671389923395072901e-10
-4.895899612279948967e-10
-2.690669815534325462e-10
-1.433616769077789665e-10
-7.446002599595180014e-11
-3.891456788168633256e-11
-2.159261709043679538e-11
-1.277640545970843576e-11
-7.696377665361491411e-12
-4.715863822421844687e-12
-2.936707525836899277e-12
-1.846827687856792720e-12
-1.168138224506641385e-12
-7.709758619990931132e-13
-5.043279610374437714e-13
-3.265337794476540578e-13
-2.122873602129819359e-13
-1.384730223655960475e-13
-9.042492938630591465e-14
-2.534654495184168285e-08
-1.853820366604993749e-08
-1.340090481771799013e-08
-9.412006625246024409e-09
-6.365412529457060715e-09
-4.149332906431444112e-09
-2.605366575890359234e-09
-1.568751445756750434e-09
-9.039083583186443235e-10
-5.112250423399885209e-10
-2.806557886935364160e-10
-1.489961227473489720e-10
-7.691677620091666917e-11
-3.988852906648942519e-11
-2.197277107561142269e-11
-1.292971905161619966e-11
-7.755791776303986247e-12
-4.738807449759825425e-12
-2.946091018362004636e-12
-1.850998960989479239e-12
-1.170148240807357087e-12
-7.720770800579354075e-13
-5.049302342525245449e-13
-3.268587059675886977e-13
-2.124644684196451369e-13
-1.385707076956435869e-13
-9.047944187301301726e-14
-2.356408735568926122e-08
-1.751235319271550177e-08
-1.285012357386728718e-08
-9.159473326377538859e-09
-6.285366251081470639e-09
-4.152074845451060438e-09
-2.636692147378549851e-09
-1.601769171595819343e-09
-9.286586837060738461e-10
-5.269084390592087900e-10
-2.895500005648346957e-10
-1.535681118856044255e-10
-7.904411569592587718e-11
-4.080379195858593813e-11
-2.236577800183457199e-11
-1.310499995698548168e-11
-7.832085161230138856e-12
-4.771913491407997844e-12
-2.960863663337067260e-12
-1.857832342233287113e-12
-1.173427283637547407e-12
-7.738333927606850057e-13
-5.058646393232846718e-13
-3.273488337843401294e-13
-2.127245346648697226e-13
-1.387098693210012487e-13
-9.055425025300057418e-14
-2.175556310360403032e-08
-1.639947109471046099e-08
-1.219769025415192800e-08
-8.812767586657754996e-09
-6.129160124991950702e-09
-4.099570083239915999e-09
-2.631555609439507014e-09
-1.612811448581797996e-09
-9.413365088630616950e-10
-5.363861492354483942e-10
-2.955226734139204187e-10
-1.569234940916802014e-10
-8.075103156456707869e-11
-4.161099647815678606e-11
-2.274544053199834175e-11
-1.328828541528083127e-11
-7.918093261897344907e-12
-4.811624440737298339e-12
-2.979291418649395907e-12
-1.866491506022834633e-12
-1.177572202998400330e-12
-7.760317893969520317e-13
-5.070200453979415073e-13
-3.279471427334289527e-13
-2.130380131727040604e-13
-1.388751771008749268e-13
-9.064146463927449470e-14
-1.999287670680799207e-08
-1.526014579137695560e-08
-1.148901828327840368e-08
-8.402959763773894364e-09
-5.916134735444945436e-09
-4.002793904301939709e-09
-2.595658464362001173e-09
-1.604585279063604046e-09
-9.431137222597644688e-10
-5.401392450589224587e-10
-2.987483145893423776e-10
-1.591089332160888423e-10
-8.203837951305069365e-11
-4.230023272278785060e-11
-2.310278063944747659e-11
-1.347353181918148928e-11
-8.010254183135178051e-12
-4.856028683545746596e-12
-3.000409902747193717e-12
-1.876508401367551629e-12
-1.182359865987532144e-12
-7.785562182597409004e-13
-5.083369789977585523e-13
-3.286236668259200518e-13
-2.133896405001467266e-13
-1.390588625828188738e-13
-9.073718672385158669e-14
-1.834220597919494767e-08
-1.415016533120286313e-08
-1.076643938375670530e-08
-7.959493454044482697e-09
-5.664959570084009079e-09
-3.872525084504179245e-09
-2.534665375259096615e-09
-1.579778378552396207e-09
-9.351251444593907744e-10
-5.386033020878752089e-10
-2.993605467839314541e-10
-1.601409087252066749e-10
-8.288786034370925103e-11
-4.285082714386277248e-11
-2.342313159969843440e-11
-1.365174749099373346e-11
-8.103554824795175153e-12
-4.902526075812848607e-12
-3.022931431836058416e-12
-1.887262313182984109e-12
-1.187493785210448264e-12
-7.812515931446695300e-13
-5.097353943073293698e-13
-3.293377698276382829e-13
-2.137585588009999822e-13
-1.392502036365725140e-13
-9.083595585347502235e-14
-1.681743117717363943e-08
-1.309012316357418486e-08
-1.005025143807738815e-08
-7.499379504762376627e-09
-5.388304179230667129e-09
-3.717276056075638075e-09
-2.453792947716158228e-09
-1.541317499527053113e-09
-9.188745046732256709e-10
-5.325092636714147477e-10
-2.976863657171086936e-10
-1.601483812665986312e-10
-8.334083358269508076e-11
-4.327183812996718409e-11
-2.370662927432652465e-11
-1.382147899050720867e-11
-8.196713014068501089e-12
-4.950323222575216664e-12
-3.046437595177802712e-12
-1.898550589933979921e-12
-1.192879916169281929e-12
-7.840705011821536777e-13
-5.111918289439822257e-13
-3.300780520263940140e-13
-2.141391586793009714e-13
-1.394464523715315590e-13
-9.093646107454745804e-14
-1.544208389227939942e-08
-1.210556109130321170e-08
-9.363453637962969354e-09
-7.041188863385201553e-09
-5.099802247901162373e-09
-3.546181744855469284e-09
-2.358642789515226102e-09
-1.492335654474384436e-09
-8.959486976640722373e-10
-5.226040929206670601e-10
-2.940397749533114246e-10
-1.592401168879109206e-10
-8.342126180564972693e-11
-4.356051841107924879e-11
-2.394630941623496486e-11
-1.397723392133317141e-11
-8.286293536401190165e-12
-4.997537151837752680e-12
-3.069974883475234477e-12
-1.909911576992704337e-12
-1.198298886112013770e-12
-7.868990659823042352e-13
-5.126480247417775909e-13
-3.308152100702082061e-13
-2.145165291460458623e-13
-1.396400126708410247e-13
-9.103487533758325905e-14
-1.420265906498699519e-08
-1.119467971456853073e-08
-8.709990150878015074e-09
-6.591132436610851067e-09
-4.805763216795736844e-09
-3.364451937332687724e-09
-2.252942380178920543e-09
-1.435199028985253483e-09
-8.676913759559652441e-10
-5.095930992649090440e-10
-2.887595077705785040e-10
-1.575616431330810256e-10
-8.318303101223346064e-11
-4.373367200971725308e-11
-2.414674846955120601e-11
-1.412004048002265073e-11
-8.372332069492654622e-12
-5.044043705343198307e-12
-3.093454783730274050e-12
-1.921302076697061484e-12
-1.203733167878880843e-12
-7.897300375636027673e-13
-5.141013147122093774e-13
-3.315484312831405783e-13
-2.148905052475281032e-13
-1.398309368899346405e-13
-9.113131224587038980e-14
-1.310253420229720498e-08
-1.036659445490225286e-08
-8.100904506195359658e-09
-6.159967868268766814e-09
-4.515339237362292426e-09
-3.179030691036403856e-09
-2.141434211282221823e-09
-1.372824277067965530e-09
-8.357101871698188227e-10
-4.942903257554201678e-10
-2.822157006302926614e-10
-1.552571704732536258e-10
-8.266917161376792748e-11
-4.379781047432132762e-11
-2.430539245501105924e-11
-1.424655214588344132e-11
-8.452407597489393100e-12
-5.088431012053250310e-12
-3.116143053392425446e-12
-1.932363287618008075e-12
-1.209012297205867528e-12
-7.924752858018899654e-13
-5.155068666465630075e-13
-3.322553129046120444e-13
-2.152497643764058354e-13
-1.400135016250384470e-13
-9.122291703953865540e-14
-1.211960094250003910e-08
-9.610334299402364043e-09
-7.532146717282343756e-09
-5.747732435117841550e-09
-4.230565288991842723e-09
-2.992465527514097937e-09
-2.026346796102362126e-09
-1.306814140779507500e-09
-8.009969678551644819e-10
-4.772480826017967442e-10
-2.746869869953349171e-10
-1.524527648814493414e-10
-8.192976708003752720e-11
-4.377051224692782974e-11
-2.442818363269133283e-11
-1.435882750692541083e-11
-8.527188126830405158e-12
-5.130918149556135463e-12
-3.138123919965166692e-12
-1.943135141068708142e-12
-1.214157951614742360e-12
-7.951477716009802922e-13
-5.168722812869062726e-13
-3.329401728735331073e-13
-2.155967360121698061e-13
-1.401890704254025300e-13
-9.131045601236411143e-14
-1.125029840359251387e-08
-8.928068818215206330e-09
-7.008873840626596507e-09
-5.360726972357829844e-09
-3.957569561268870780e-09
-2.809868053371599484e-09
-1.911434801684309470e-09
-1.239617791095884222e-09
-7.649697854313280260e-10
-4.592138295586819897e-10
-2.665268835817256741e-10
-1.492931949879155617e-10
-8.101214420352085891e-11
-4.366185449826553349e-11
-2.451476351067103505e-11
-1.445474142281375384e-11
-8.594878817241109624e-12
-5.170395488322745100e-12
-3.158804536708721393e-12
-1.953324227171392746e-12
-1.219030083865022003e-12
-7.976750907582158455e-13
-5.181607896394723981e-13
-3.335846918580407988e-13
-2.159221977998713889e-13
-1.403530070363621689e-13
-9.139163506608937023e-14
-1.047307248249359302e-08
-8.307037975462067706e-09
-6.524356654930062383e-09
-4.996233040676620217e-09
-3.696020834100876098e-09
-2.632012285037915516e-09
-1.797742540544090022e-09
-1.172128282323475433e-09
-7.282382609927240239e-10
-4.405487673773638916e-10
-2.579268827908771075e-10
-1.458694827278148768e-10
-7.995470529835015395e-11
-4.348648946342064123e-11
-2.457067930748827875e-11
-1.453650737920768675e-11
-8.656351005078744505e-12
-5.207217416021545178e-12
-3.178341297760655988e-12
-1.963005070047749763e-12
-1.223666106942826720e-12
-8.000779874086129094e-13
-5.193837661315459464e-13
-3.341949834756639463e-13
-2.162294456511948285e-13
-1.405070903628043050e-13
-9.146741283304428453e-14
-9.783550689566308546e-09
-7.747385543794469011e-09
-6.081364715965773268e-09
-4.658279742958929531e-09
-3.450163490958940187e-09
-2.462623883758708536e-09
-1.688113658697831645e-09
-1.106260799628072620e-09
-6.919434195537114772e-10
-4.218696077307231836e-10
-2.491861019271600583e-10
-1.423078275295811812e-10
-7.880062525708240373e-11
-4.325469995728301493e-11
-2.459643910329038598e-11
-1.460266627461456805e-11
-8.710205753367847154e-12
-5.240478646569373756e-12
-3.196238764287207131e-12
-1.971928935405431521e-12
-1.227946310489823202e-12
-8.022943595718947338e-13
-5.205096166806862788e-13
-3.347552998702141728e-13
-2.165105606326430740e-13
-1.406473513450457304e-13
-9.153583613573863879e-14
-9.163909628860099470e-09
-7.237656865993017503e-09
-5.673039289612896044e-09
-4.343253236533407885e-09
-3.218497995717376794e-09
-2.301376992147452480e-09
-1.582734561582294581e-09
-1.042330412717434335e-09
-6.563537425246793335e-10
-4.033548711389417690e-10
-2.404075121103815256e-10
-1.386611341298780428e-10
-7.757421331970909916e-11
-4.297674645214004932e-11
-2.459638062010199037e-11
-1.465514424529917875e-11
-8.757288807843445568e-12
-5.270554938629647621e-12
-3.212670086959946311e-12
-1.980178376757598476e-12
-1.231911153409778643e-12
-8.043460876662024803e-13
-5.215500533830824357e-13
-3.352718038057054498e-13
-2.167688081839049409e-13
-1.407755233786358280e-13
-9.159782154987095341e-14
-8.611053536604431865e-09
-6.777913566270580725e-09
-5.301298284199599356e-09
-4.053975102746447033e-09
-3.004018826390694687e-09
-2.150922073175127167e-09
-1.483649948121065985e-09
-9.817332395137026263e-10
-6.223152824215607406e-10
-3.854704627625257295e-10
-2.318218329538164114e-10
-1.350291679694895295e-10
-7.631075942337031923e-11
-4.266157096585514119e-11
-2.457126638914707988e-11
-1.469290210403129191e-11
-8.796502972571201862e-12
-5.296709732387093847e-12
-3.227223047881677086e-12
-1.987543233400899691e-12
-1.235458433816354681e-12
-8.061798694408430611e-13
-5.224778574621355311e-13
-3.357308975105948865e-13
-2.169973483429666890e-13
-1.408881847237336518e-13
-9.165169310715322103e-14
-8.111243241457442362e-09
-6.358792199864210856e-09
-4.960027449080359514e-09
-3.786723261766400745e-09
-2.804673768761142801e-09
-2.010258706364958817e-09
-1.390450116166504252e-09
-9.243500204350376562e-10
-5.898254377169529440e-10
-3.682437564923088295e-10
-2.234562109501732637e-10
-1.314309901079273420e-10
-7.502147112394017328e-11
-4.231504769659391238e-11
-2.452406449779937987e-11
-1.471744746347738640e-11
-8.828587499265790588e-12
-5.319297044492343580e-12
-3.240066415725635929e-12
-1.994104186087100539e-12
-1.238627101209839984e-12
-8.078164136714051138e-13
-5.233039247876683768e-13
-3.361382246545644535e-13
-2.171991321910032465e-13
-1.409868813881714791e-13
-9.169825556736723669e-14
-7.662923956005938668e-09
-5.980708283936280298e-09
-4.650744418947360405e-09
-3.543503949318323800e-09
-2.622506085195041441e-09
-1.881162280489990329e-09
-1.304498032803376830e-09
-8.711166062883704688e-10
-5.594595916316580984e-10
-3.519980533614544628e-10
-2.154747291535357494e-10
-1.279397108287715655e-10
-7.373327346792145088e-11
-4.194449196660772142e-11
-2.445567682644025073e-11
-1.472812755964972784e-11
-8.852745395783822035e-12
-5.337755474045276336e-12
-3.250877076093465223e-12
-1.999693400743439762e-12
-1.241334536632800604e-12
-8.092123708918304089e-13
-5.240060281834520788e-13
-3.364826554665083619e-13
-2.173685619008246651e-13
-1.410688218612141447e-13
-9.173615156070570947e-14
-7.255732690116662158e-09
-5.636169432310149737e-09
-4.368153016985443104e-09
-3.320719338290607733e-09
-2.455198078596593883e-09
-1.762224094378884640e-09
-1.224993425728015494e-09
-8.216158244454225639e-10
-5.310227392428192337e-10
-3.366504770092605514e-10
-2.078478168068092908e-10
-1.245484144190747992e-10
-7.244701925953548848e-11
-4.155218735295616798e-11
-2.436790277570260348e-11
-1.472607477483349800e-11
-8.869612462482812996e-12
-5.352414632280994056e-12
-3.259817927356394168e-12
-2.004389355168663233e-12
-1.243618300239979852e-12
-8.103874629710530980e-13
-5.245944030027369161e-13
-3.367694213317679718e-13
-2.175083406982634439e-13
-1.411354046043453922e-13
-9.176609760868190530e-14
-6.889212054224107262e-09
-5.325758666479589304e-09
-4.113364465727192971e-09
-3.119668122852181351e-09
-2.304001932870111606e-09
-1.654504822952591822e-09
-1.152745962284803308e-09
-7.764094010734567086e-10
-5.048686456648746419e-10
-3.224064010893250223e-10
-2.006838971184007647e-10
-1.213077978994794362e-10
-7.118265519702133674e-11
-4.114422439068685938e-11
-2.426191600342018806e-11
-1.471108331709795437e-11
-8.878725935306600703e-12
-5.362909018733562062e-12
-3.266667298669283600e-12
-2.008073468508870519e-12
-1.245419052829857189e-12
-8.113103477735481661e-13
-5.250529221033892319e-13
-3.369904404325419839e-13
-2.176144152292150221e-13
-1.411846246123815487e-13
-9.178713448370965724e-14
-6.555403676352481515e-09
-5.043331768940499530e-09
-3.881709011849826655e-09
-2.936908492173049418e-09
-2.166488968602637374e-09
-1.556378020639481571e-09
-1.086734019374878672e-09
-7.349051436082375813e-10
-4.806856695180544520e-10
-3.091141242425890243e-10
-1.939169356520607987e-10
-1.181937240752576277e-10
-6.993393930037285851e-11
-4.072034290969752643e-11
-2.413866563689356603e-11
-1.468400975353704127e-11
-8.880647519659427034e-12
-5.369553503847580412e-12
-3.271586597931510330e-12
-2.010824511589711453e-12
-1.246774458087280722e-12
-8.120006752732822782e-13
-5.253916991205054823e-13
-3.371508358201824340e-13
-2.176894093704416378e-13
-1.412178251954963270e-13
-9.179994071703001637e-14
-6.254357989588913818e-09
-4.789335946774160508e-09
-3.673809658367535785e-09
-2.773100678526292124e-09
-2.043269332281316805e-09
-1.468355670828927648e-09
-1.027355321745291219e-09
-6.973903735108339019e-10
-4.586657041653110432e-10
-2.968927351858363906e-10
-1.876145692839393933e-10
-1.152405835238200988e-10
-6.871596059460922265e-11
-4.028603375829617270e-11
-2.399977621689146227e-11
-1.464515456565028168e-11
-8.875272172248869630e-12
-5.372190856434149713e-12
-3.274463095432833255e-12
-2.012577629833900253e-12
-1.247650981381330675e-12
-8.124405630757440012e-13
-5.256015120880137362e-13
-3.372460035620180533e-13
-2.177310411513529034e-13
-1.412339058675442067e-13
-9.180401537147211425e-14
-5.979688333176728269e-09
-4.558524940401284107e-09
-3.485456131495286540e-09
-2.624981985969376909e-09
-1.931930586061601931e-09
-1.388752037852363033e-09
-9.735087422787205152e-10
-6.632019982532476239e-10
-4.384455746064220946e-10
-2.855578541935593934e-10
-1.816922523522866095e-10
-1.124148962731302933e-10
-6.751835222925513122e-11
-3.983944866408004692e-11
-2.384563035882779412e-11
-1.459518083815126952e-11
-8.863107531390996504e-12
-5.371125646718864779e-12
-3.275458227986950045e-12
-2.013412871759688016e-12
-1.248087105144418113e-12
-8.126500784102216297e-13
-5.256926635704426740e-13
-3.372811429599514934e-13
-2.177419608470607047e-13
-1.412342141074336728e-13
-9.180003183418319660e-14
-5.731538195218692247e-09
-4.351056843647144013e-09
-3.316811044478979454e-09
-2.492711354197797456e-09
-1.832623924748992493e-09
-1.317708564425059957e-09
-9.253231114038297909e-10
-6.324513189665085586e-10
-4.201138899562855407e-10
-2.751734629251921445e-10
-1.761916047067645280e-10
-1.097408276881325659e-10
-6.635341483517672396e-11
-3.938602855077263427e-11
-2.367841190647918958e-11
-1.453490209314621065e-11
-8.844395848005767492e-12
-5.366401634522388064e-12
-3.274565178199899623e-12
-2.013318224905085804e-12
-1.248074972125652987e-12
-8.126248387514743758e-13
-5.256629039994183240e-13
-3.372551803108819323e-13
-2.177216901004098424e-13
-1.412185715266182858e-13
-9.178795619699733167e-14
-5.504577271952992522e-09
-4.162351046850352372e-09
-3.164080894140982501e-09
-2.373277700695929372e-09
-1.743079612908657232e-09
-1.253613356465845865e-09
-8.817294135873593483e-10
-6.044839695840292428e-10
-4.033052873437007317e-10
-2.655499534952228953e-10
-1.710232768212750070e-10
-1.071815924116784979e-10
-6.520891695661820447e-11
-3.892303573369810794e-11
-2.349811939187763215e-11
-1.446482383794300282e-11
-8.819588044683588701e-12
-5.358305913654086267e-12
-3.271940861658497191e-12
-2.012372850431126562e-12
-1.247652984689139454e-12
-8.123849332013331378e-13
-5.255225608203233639e-13
-3.371733270825235892e-13
-2.176728807748540495e-13
-1.411883207151690048e-13
-9.176845403858594841e-14
-5.298905535967766492e-09
-3.992329317655750163e-09
-3.027124223158569283e-09
-2.266538597580836143e-09
-1.663189318862033148e-09
-1.196406788424864250e-09
-8.427139780199236138e-10
-5.793186839890745070e-10
-3.880537899551429750e-10
-2.567219060848197413e-10
-1.662149689739526055e-10
-1.047560273307968643e-10
-6.409594225360249971e-11
-3.845619033095725069e-11
-2.330749049942782080e-11
-1.438621425936813263e-11
-8.789226056936053469e-12
-5.347055362589056602e-12
-3.267670353904690077e-12
-2.010611027884554328e-12
-1.246835981466091311e-12
-8.119379787728215780e-13
-5.252756094901016463e-13
-3.370376711594390047e-13
-2.175966718785000171e-13
-1.411441098549687905e-13
-9.174190927364337693e-14
-5.110029103523388336e-09
-3.837029091005755893e-09
-2.902612640785325214e-09
-2.169829479714417860e-09
-1.590932993252920316e-09
-1.144647252547425661e-09
-8.073149298348306605e-10
-5.563614621001323934e-10
-3.740234611294161476e-10
-2.485120990649367347e-10
-1.616813737404714972e-10
-1.024279452637913336e-10
-6.300183245522155676e-11
-3.798227573962569903e-11
-2.310621688241954461e-11
-1.429941329442691651e-11
-8.753681734528293983e-12
-5.332902750412712636e-12
-3.261896454146857183e-12
-2.008106201062097322e-12
-1.245659990688811310e-12
-8.113029147760181026e-13
-5.249318163385567772e-13
-3.368531488338501472e-13
-2.174955741247682439e-13
-1.410872056671280047e-13
-9.170894486838124827e-14
-4.938067855134505511e-09
-3.696308001258249878e-09
-2.790308668881781807e-09
-2.082909812662867663e-09
-1.526117536875163833e-09
-1.098209236001484193e-09
-7.754709947358458662e-10
-5.355988262423904650e-10
-3.612282199640557803e-10
-2.409437001252191574e-10
-1.574446210260324335e-10
-1.002141223034338339e-10
-6.193739075142239777e-11
-3.750738322916409739e-11
-2.289748541854716222e-11
-1.420603660476866390e-11
-8.713723473932628170e-12
-5.316196346760000405e-12
-3.254774634195253232e-12
-2.004928448140229325e-12
-1.244157533511808871e-12
-8.104967444041110106e-13
-5.245000386746262149e-13
-3.366243301450188866e-13
-2.173719954828670988e-13
-1.410189032677881272e-13
-9.167027031341276301e-14
-4.779304371742642133e-09
-3.566847116586495205e-09
-2.687409310535311541e-09
-2.003530425115090332e-09
-1.467035803802794367e-09
-1.055872329177883421e-09
-7.463646960686839776e-10
-5.165221755673735855e-10
-3.493769363197216710e-10
-2.338606061837455149e-10
-1.534279278427110376e-10
-9.808097568928055666e-11
-6.089025939421414015e-11
-3.702799797592213734e-11
-2.268068684191883332e-11
-1.410622709241426114e-11
-8.669613761495520415e-12
-5.297134507655560447e-12
-3.246422290021820770e-12
-2.001139688932511541e-12
-1.242359408952602453e-12
-8.095357544112119059e-13
-5.239887071984790280e-13
-3.363554855886870253e-13
-2.172281070204884904e-13
-1.409402928795138986e-13
-9.162641567318492177e-14
-4.633997572885201897e-09
-3.448612309835466226e-09
-2.593755236550178981e-09
-1.931505105801730429e-09
-1.413530591591936717e-09
-1.017532776161135508e-09
-7.199459590373423767e-10
-4.991221251790853101e-10
-3.384838035491005418e-10
-2.272850724998003587e-10
-1.496526226580590091e-10
-9.604497497661837775e-11
-5.987134766486461978e-11
-3.655050046368856168e-11
-2.245929770215433144e-11
-1.400182069624993732e-11
-8.622265849894225290e-12
-5.276150870858763470e-12
-3.237041323743300266e-12
-1.996833886238077317e-12
-1.240310020350034082e-12
-8.084432711430878415e-13
-5.234099694039670237e-13
-3.360528553701928985e-13
-2.170671673109478040e-13
-1.408531005528480333e-13
-9.157830527228239248e-14
-4.499172397847677519e-09
-3.338932586678210501e-09
-2.507084119237231674e-09
-1.865015565727715690e-09
-1.364219674074706636e-09
-9.821997620700957342e-10
-6.955476044131942722e-10
-4.829798042958921589e-10
-3.283056653981514972e-10
-2.210842637319807442e-10
-1.460517284421734206e-10
-9.407578192943250581e-11
-5.886883947112292279e-11
-3.607112302057742960e-11
-2.223238705252824872e-11
-1.389273182260132906e-11
-8.571807240301543630e-12
-5.253372779743487263e-12
-3.226714281480928327e-12
-1.992056465160848859e-12
-1.238032436118460066e-12
-8.072315904542793868e-13
-5.227702205526072259e-13
-3.357196869909864822e-13
-2.168908248094631509e-13
-1.407581468285980541e-13
-9.152632961997304349e-14
-4.375293837810927553e-09
-3.237979315415251666e-09
-2.427410198178671601e-09
-1.804010247476891442e-09
-1.319042671427349085e-09
-9.498337801937082275e-10
-6.731583695761363765e-10
-4.681066302825576911e-10
-3.188662725407178073e-10
-2.152842496129345225e-10
-1.426478371353083742e-10
-9.219021463181466676e-11
-5.789377598747736626e-11
-3.559637000086963513e-11
-2.200355507407724083e-11
-1.378089719664365082e-11
-8.519221717681229441e-12
-5.229277490026047499e-12
-3.215667590321124511e-12
-1.986914261237455510e-12
-1.235577522272221334e-12
-8.059274795779138050e-13
-5.220833919387239385e-13
-3.353631191034982700e-13
-2.167027902774772827e-13
-1.406573829854406835e-13
-9.147152261096187005e-14
-4.260051549797880553e-09
-3.143675038514275958e-09
-2.352968639975021351e-09
-1.747066058963138689e-09
-1.276913471092232068e-09
-9.196519935492258307e-10
-6.522468274608217055e-10
-4.541649356672457298e-10
-3.099662157690266710e-10
-2.097736702601910595e-10
-1.393831632742558790e-10
-9.036103223973840932e-11
-5.693486759314944804e-11
-3.512221692876079281e-11
-2.177153652470964381e-11
-1.366598759169204051e-11
-8.464488978754818195e-12
-5.203912469098397931e-12
-3.203943597672967903e-12
-1.981433257957858193e-12
-1.232959083809108300e-12
-8.045384083360002769e-13
-5.213534008072755074e-13
-3.349851482829922094e-13
-2.165040724339092532e-13
-1.405513004035833698e-13
-9.141410570972916777e-14
-4.154096725608135066e-09
-3.056404232203822085e-09
-2.283963866912928984e-09
-1.694282958196395766e-09
-1.237881974782026203e-09
-8.916885244525075514e-10
-6.328465862879961371e-10
-4.411906583386703438e-10
-3.016409294588880784e-10
-2.045834862122055238e-10
-1.362819627334332370e-10
-8.860541958748905851e-11
-5.600314047816897243e-11
-3.465511822120406337e-11
-2.153991610722642829e-11
-1.354994587549608186e-11
-8.408605456529467550e-12
-5.177766072062514245e-12
-3.191776070714544978e-12
-1.975724447833054307e-12
-1.230230126072458820e-12
-8.030922745629562806e-13
-5.205947504439462007e-13
-3.345931893823970206e-13
-2.162985127836938159e-13
-1.404419098001240050e-13
-9.135513778220319667e-14
-4.055657991730219036e-09
-2.974579824468489127e-09
-2.219044179240156263e-09
-1.644565746610359773e-09
-1.201106889049167883e-09
-8.653318676228350231e-10
-6.145378815414602697e-10
-4.289130502727571830e-10
-2.937272649234067922e-10
-1.996202848870307621e-10
-1.332941979887124930e-10
-8.689875704522495441e-11
-5.508772949817837874e-11
-3.419079345400719038e-11
-2.130710652364165441e-11
-1.343220601076211685e-11
-8.351405092664514520e-12
-5.150805716991791756e-12
-3.179166445638339682e-12
-1.969793767639034828e-12
-1.227394808517296840e-12
-8.015914967093348439e-13
-5.198087548641815394e-13
-3.341879220272773417e-13
-2.160864464835329732e-13
-1.403293567893660374e-13
-9.129466362881436380e-14
-3.965486746484352448e-09
-2.898742363980092870e-09
-2.158567008503746946e-09
-1.598141828353973146e-09
-1.166732951512262424e-09
-8.406800365534034044e-10
-5.973933472169133729e-10
-4.173893504381223560e-10
-2.862707377911989178e-10
-1.949191360268776599e-10
-1.304453785038871063e-10
-8.525834007977722374e-11
-5.419946006057129168e-11
-3.373550862628244572e-11
-2.107657955543975740e-11
-1.331465306250403187e-11
-8.293858187914652682e-12
-5.123508985458771963e-12
-3.166344172650004924e-12
-1.963750403944003842e-12
-1.224505298163717719e-12
-8.000635064393032219e-13
-5.190096499408827655e-13
-3.337766058904739311e-13
-2.158716231225681940e-13
-1.402155969844301689e-13
-9.123370891000216717e-14
-3.882206037073701465e-09
-2.827673173648350686e-09
-2.101495021249224266e-09
-1.554167083515516404e-09
-1.134106872735391202e-09
-8.172533106771992287e-10
-5.810793159423341546e-10
-4.064006508158857333e-10
-2.791365038911946557e-10
-1.904007686316104170e-10
-1.276916322659694949e-10
-8.366164964879784733e-11
-5.332779728811749545e-11
-3.328475467655891818e-11
-2.084646393430016718e-11
-1.319651017068980374e-11
-8.235667329433771544e-12
-5.095770246098818269e-12
-3.153272932837312570e-12
-1.957581627044359470e-12
-1.221556717559765274e-12
-7.985059760126657637e-13
-5.181962997651879790e-13
-3.333586806695478674e-13
-2.156537443378288394e-13
-1.401004516842771390e-13
-9.117215352139857621e-14
-3.806557356847781736e-09
-2.761983879951877037e-09
-2.048277413130887846e-09
-1.512954129059563292e-09
-1.103440355415876319e-09
-7.951959928469612065e-10
-5.656969196983830148e-10
-3.960196430759910411e-10
-2.723771883626998796e-10
-1.861029267986388278e-10
-1.250590579127240360e-10
-8.212578409794419547e-11
-5.248321162027138104e-11
-3.284452028305361708e-11
-2.062006210694548269e-11
-1.307956853784559200e-11
-8.177754814006966684e-12
-5.068043832993551199e-12
-3.140171122143400196e-12
-1.951391332298113354e-12
-1.218598641771313194e-12
-7.969449275161139388e-13
-5.173821762085882274e-13
-3.329409958187971006e-13
-2.154363365408941469e-13
-1.399857542356872399e-13
-9.111095610034240746e-14
-3.737427211186695813e-09
-2.700710974066109546e-09
-1.998099661664846248e-09
-1.473839529654247732e-09
-1.074216847224533870e-09
-7.741249819350443546e-10
-5.509760937985175443e-10
-3.860660596273471899e-10
-2.658792898940668637e-10
-1.819571487154785490e-10
-1.225085733420069190e-10
-8.062989254322409965e-11
-5.165544650890607027e-11
-3.241012072455063943e-11
-2.039527464761819770e-11
-1.296287853831163802e-11
-8.119713929772020086e-12
-5.040162561880574268e-12
-3.126970296340615700e-12
-1.945150798060534603e-12
-1.215618421032955604e-12
-7.953739465475020390e-13
-5.165640339791012600e-13
-3.325219246847901970e-13
-2.152185578002448793e-13
-1.398710487259383321e-13
-9.104985638199644111e-14
-3.675449551468856896e-09
-2.644454155424407248e-09
-1.951440058200472189e-09
-1.437176902607633568e-09
-1.046685658774332503e-09
-7.542124266944145219e-10
-5.370355400613381550e-10
-3.766220247296696856e-10
-2.596995081209876167e-10
-1.780024136087815335e-10
-1.200662349627177386e-10
-7.919062038342391718e-11
-5.085451753569613060e-11
-3.198722376609610677e-11
-2.017521072115926676e-11
-1.284812260280827967e-11
-8.062409760313031838e-12
-5.012552094137868422e-12
-3.113874777284175522e-12
-1.938957031919584685e-12
-1.212662225048897034e-12
-7.938172063785580712e-13
-5.157543497973532560e-13
-3.321077883010481076e-13
-2.150036510446614401e-13
-1.397580158115029928e-13
-9.098973099240366403e-14
-3.619676654652421750e-09
-2.592416527816584889e-09
-1.907634149438304284e-09
-1.402427397532186759e-09
-1.020426249382970417e-09
-7.351440619908700841e-10
-5.236511057193567996e-10
-3.675355565005101849e-10
-2.537402292768014555e-10
-1.741784666145503396e-10
-1.176966936125036063e-10
-7.778847550185373678e-11
-5.007043684963116777e-11
-3.157103704704302626e-11
-1.995760582133341029e-11
-1.273422092084293473e-11
-8.005351287467346105e-12
-4.984997020708793942e-12
-3.100790693466949896e-12
-1.932768579605031639e-12
-1.209711201875786719e-12
-7.922650330129271407e-13
-5.149481989014933553e-13
-3.316961135333982112e-13
-2.147903446148036061e-13
-1.396459816480809153e-13
-9.093021031057156958e-14
-3.570570297386474153e-09
-2.545122088029457671e-09
-1.867138035705558862e-09
-1.369948261237828548e-09
-9.957003740264738699e-10
-7.171040573782344292e-10
-5.109497437810926848e-10
-3.588931274589959463e-10
-2.480596981533852781e-10
-1.705243502163011775e-10
-1.154254756738048231e-10
-7.643947672463410574e-11
-4.931271634603692098e-11
-3.116689714332677976e-11
-1.974537360193848602e-11
-1.262274595620458100e-11
-7.949345310543275554e-12
-4.957893445239531513e-12
-3.087907682921578528e-12
-1.926675197179730611e-12
-1.206807919334704202e-12
-7.907396432900113615e-13
-5.141570065455413646e-13
-3.312926649376995659e-13
-2.145815843403005571e-13
-1.395364678862530570e-13
-9.087208626456936804e-14
-3.527288683591261746e-09
-2.501880832245829509e-09
-1.829386220706632420e-09
-1.339284991494662272e-09
-9.721540029069796776e-10
-6.998267766016038085e-10
-4.987403237106936141e-10
-3.505634862420330844e-10
-2.425722054647365593e-10
-1.669861239312228482e-10
-1.132202111411979308e-10
-7.512528953350742073e-11
-4.857165530332307125e-11
-3.076997504916528196e-11
-1.953614590959266429e-11
-1.251252887265176748e-11
-7.893840805124704058e-12
-4.930990842497734640e-12
-3.075113120071391739e-12
-1.920625982674008356e-12
-1.203928919466475415e-12
-7.892289480588153719e-13
-5.133746086233369766e-13
-3.308943482220441413e-13
-2.143757853779480677e-13
-1.394286432366376888e-13
-9.081491112057905482e-14
-3.490094602045427930e-09
-2.463102266925135037e-09
-1.794777338386414250e-09
-1.310771120731913848e-09
-9.500423154882921941e-10
-6.834962932500842199e-10
-4.871509108793060591e-10
-3.426335869177881925e-10
-2.373356461211141423e-10
-1.636020397386005324e-10
-1.111055625388272105e-10
-7.386120641740923335e-11
-4.785625006023283992e-11
-3.038528623943126430e-11
-1.933265092531968325e-11
-1.240503854138080810e-11
-7.839589702186982689e-12
-4.904657400001830398e-12
-3.062582706823382183e-12
-1.914703778539590324e-12
-1.201113325361520154e-12
-7.877532908603053506e-13
-5.126114233408245156e-13
-3.305063953486141901e-13
-2.141756096908038073e-13
-1.393238778324588453e-13
-9.075939641424675638e-14
-3.458224437086588824e-09
-2.428169018089202941e-09
-1.762812915630883926e-09
-1.284010175250885171e-09
-9.290579713325447976e-10
-6.678818112429991071e-10
-4.760145175300890111e-10
-3.349876693377836136e-10
-2.322734415627178704e-10
-1.603231559200657454e-10
-1.090516248584936716e-10
-7.262992725463523633e-11
-4.715711809520808679e-11
-3.000803009851142243e-11
-1.913247098444412958e-11
-1.229905323398402401e-11
-7.786002396349586440e-12
-4.878619121284781657e-12
-3.050191038990976640e-12
-1.908851196491824206e-12
-1.198334518768489978e-12
-7.862989338214288456e-13
-5.118604470915401298e-13
-3.301252955268143362e-13
-2.139792649467858544e-13
-1.392212376294257647e-13
-9.070504440989592085e-14
-3.431747650905675440e-09
-2.397360785492267759e-09
-1.733814541209932584e-09
-1.259294627791707609e-09
-9.094366564199754662e-10
-6.531588037529363028e-10
-4.654552535313825129e-10
-3.277104320663847490e-10
-2.274418171528739379e-10
-1.571863604561033002e-10
-1.070819912741802060e-10
-7.144597366305664857e-11
-4.648275141250127352e-11
-2.964292150203601171e-11
-1.893816438723004535e-11
-1.219594789568196771e-11
-7.733781313538436544e-12
-4.853219032636168753e-12
-3.038101239125156718e-12
-1.903144822524947032e-12
-1.195628497298131021e-12
-7.848845178380608065e-13
-5.111311815748200934e-13
-3.297557956675465243e-13
-2.137891546007188457e-13
-1.391219548881840276e-13
-9.065249361852985329e-14
-3.409972828642658193e-09
-2.370117288442809548e-09
-1.707333342394323218e-09
-1.236270328879817057e-09
-8.909052646354030614e-10
-6.391223787243652953e-10
-4.553244055131896384e-10
-3.206980954652376353e-10
-2.227714479006890373e-10
-1.541468168573439372e-10
-1.051688766113351287e-10
-7.029300503528707896e-11
-4.582411756103143921e-11
-2.928524220402172930e-11
-1.874730810811166280e-11
-1.209447739388950382e-11
-7.682315835354867777e-12
-4.828169271942790539e-12
-3.026180080603520165e-12
-1.897523248349077991e-12
-1.192966689185142422e-12
-7.834952963506040998e-13
-5.104161174095672885e-13
-3.293941390369207010e-13
-2.136033666896152169e-13
-1.390250380992009997e-13
-9.060121945481198834e-14
-3.392804195018892683e-09
-2.346591420148977273e-09
-1.683607195920645772e-09
-1.215179763874316812e-09
-8.736722185895967826e-10
-6.259339099616052476e-10
-4.457387451183623558e-10
-3.140312620937417601e-10
-2.183160143188328008e-10
-1.512396847065271028e-10
-1.033346894141199790e-10
-6.918476203666763346e-11
-4.518922669693810434e-11
-2.893943032158032124e-11
-1.856230735457699468e-11
-1.199593303843320584e-11
-7.632264639058543464e-12
-4.803790714307413144e-12
-3.014579619183438043e-12
-1.892057548445569824e-12
-1.190382332079488434e-12
-7.821484034541769301e-13
-5.097239435446399201e-13
-3.290446416939644681e-13
-2.134240748156225754e-13
-1.389315968762961882e-13
-9.055179548812796989e-14
-3.379627883636448419e-09
-2.326276130884693945e-09
-1.662229083013768656e-09
-1.195702708900670547e-09
-8.574913320313659876e-10
-6.134088734860639620e-10
-4.365640747599136668e-10
-3.076158310816202864e-10
-2.140121917779413918e-10
-1.484236287715227991e-10
-1.015535301821640504e-10
-6.810581503495377597e-11
-4.456942230672254233e-11
-2.860089121070144642e-11
-1.838076747272596094e-11
-1.189906894639425782e-11
-7.583009671257823026e-12
-4.779789095869674407e-12
-3.003162671712574450e-12
-1.886684222012492431e-12
-1.187845843808920318e-12
-7.808285833702285028e-13
-5.090469045959666060e-13
-3.287034332309009345e-13
-2.132493151991167254e-13
-1.388406169916405491e-13
-9.050368790297964871e-14
-3.370222827848840678e-09
-2.309212761633762382e-09
-1.643355951794196884e-09
-1.178029178827063870e-09
-8.425400092994614746e-10
-6.016913847419648176e-10
-4.279077387799817887e-10
-3.015271432231546176e-10
-2.099105673634017169e-10
-1.457318651086332238e-10
-9.984656862671285390e-11
-6.706913422681895826e-11
-4.397225964524318326e-11
-2.827380974987419758e-11
-1.820495637961777609e-11
-1.180510235752294675e-11
-7.535171202848556359e-12
-4.756465945138209106e-12
-2.992071644271354545e-12
-1.881469532792862278e-12
-1.185388046240318860e-12
-7.795516474687385578e-13
-5.083929739327183183e-13
-3.283744493435210996e-13
-2.130810581003767676e-13
-1.387530993765640715e-13
-9.045741266107515655e-14
-3.364060970098450253e-09
-2.294949332207618841e-09
-1.626620449272656833e-09
-1.161869000530813310e-09
-8.285949794061999032e-10
-5.906139834616926895e-10
-4.196476938062293418e-10
-2.956792777736795751e-10
-2.059529768110561572e-10
-1.431261444161373228e-10
-9.818962508953078122e-11
-6.606016404918775894e-11
-4.338947476710973379e-11
-2.795374362769621103e-11
-1.803253183248458378e-11
-1.171280297956816070e-11
-7.488133618529428928e-12
-4.733526048897839255e-12
-2.981168224876030843e-12
-1.876349294792532696e-12
-1.182979032212799782e-12
-7.783021916649728029e-13
-5.077543364617658617e-13
-3.280537998936532934e-13
-2.129173355458153058e-13
-1.386680311561641278e-13
-9.041243871016721423e-14
-3.360838768092219843e-09
-2.283437472251615226e-09
-1.612107452669378572e-09
-1.147361737747741826e-09
-8.158017955031905607e-10
-5.803020899365978016e-10
-4.118807114396853541e-10
-2.901416294235311263e-10
-2.021865907295206817e-10
-1.406376223337628041e-10
-9.660261295082616498e-11
-6.509112424125684901e-11
-4.282819455303920586e-11
-2.764464539457224188e-11
-1.786563804732317839e-11
-1.162332210270286697e-11
-7.442483290577060068e-12
-4.711253949316035534e-12
-2.970586360594434451e-12
-1.871385548182953212e-12
-1.180647494697385738e-12
-7.770948570750474822e-13
-5.071383298194254052e-13
-3.277450812990296666e-13
-2.127599357902966947e-13
-1.385863156742144816e-13
-9.036923014382307293e-14
-3.360119539415056120e-09
-2.274283459135292928e-09
-1.599489568791866084e-09
-1.134245839387595556e-09
-8.039580577327794440e-10
-5.706033883933266465e-10
-4.044954299925378074e-10
-2.848354767622215193e-10
-1.985578325666907096e-10
-1.382308406029103036e-10
-9.506294751564586716e-11
-6.414829993622112462e-11
-4.228055446309174571e-11
-2.734224264995078269e-11
-1.770200078505267423e-11
-1.153545585185296074e-11
-7.397613643137676222e-12
-4.689357132031016708e-12
-2.960188490492845344e-12
-1.866514345550987646e-12
-1.178363643199538083e-12
-7.759143193650905157e-13
-5.065371940633168472e-13
-3.274444398422769172e-13
-2.126069141108010324e-13
-1.385069546740326843e-13
-9.032726489847882563e-14
-3.361556488642164826e-09
-2.267373096291641320e-09
-1.588791730957597118e-09
-1.122615334054123931e-09
-7.931786918882782875e-10
-5.616244357922731540e-10
-3.975776116388186455e-10
-2.798239475076490203e-10
-1.951103034921896407e-10
-1.359348514183881395e-10
-9.358929566500432827e-11
-6.324318711025842333e-11
-4.175327859402266080e-11
-2.705027392002060723e-11
-1.754365192649400993e-11
-1.145029617352164771e-11
-7.354080732565773663e-12
-4.668104988923052286e-12
-2.950101009536392306e-12
-1.861793940872970046e-12
-1.176154250280095171e-12
-7.747741577474900526e-13
-5.059576864144921290e-13
-3.271551603199059469e-13
-2.124598906958640672e-13
-1.384307609324114628e-13
-9.028695870960241367e-14
-3.364803915687736955e-09
-2.262372522220050165e-09
-1.579727118823385908e-09
-1.112236843601357096e-09
-7.832811507460010685e-10
-5.532269581195522852e-10
-3.910256631585011209e-10
-2.750348782817894840e-10
-1.917946224324141809e-10
-1.337167754875026268e-10
-9.216057106260991603e-11
-6.236288009155017898e-11
-4.123890082807082964e-11
-2.676464539695914799e-11
-1.738839394862226227e-11
-1.136667183215094804e-11
-7.311290815503753019e-12
-4.647209757673575822e-12
-2.940188124877770679e-12
-1.857161096570685243e-12
-1.173989849848006616e-12
-7.736592258150438314e-13
-5.053921458269525286e-13
-3.268734432930773935e-13
-2.123169507587740324e-13
-1.383567528180712076e-13
-9.024779865679741005e-14
-3.369503739746482904e-09
-2.259124513799703342e-09
-1.572274064853413052e-09
-1.103165500441887989e-09
-7.743524220662147053e-10
-5.454994835742458633e-10
-3.849145042725346934e-10
-2.705251407596583836e-10
-1.886508371382972065e-10
-1.316036012556015696e-10
-9.079424169907320232e-11
-6.151819319906104848e-11
-4.074377324580493255e-11
-2.648890105199866319e-11
-1.723815770214710522e-11
-1.128562172019436571e-11
-7.269772919802969719e-12
-4.626927312150848214e-12
-2.930569466015252036e-12
-1.852670653802027838e-12
-1.171895470977863451e-12
-7.725821331077474330e-13
-5.048467966568478584e-13
-3.266022861704887164e-13
-2.121795590350766893e-13
-1.382856592261036052e-13
-9.021015572571699974e-14
-3.375394231031806782e-09
-2.257353841015370830e-09
-1.566186212852185979e-09
-1.095195936323211760e-09
-7.662294288992040615e-10
-5.383173132110223581e-10
-3.791518985615051158e-10
-2.662288333584018623e-10
-1.856335826157720109e-10
-1.295649372346374481e-10
-8.947068546115086854e-11
-6.069702691756476080e-11
-4.026083787871729627e-11
-2.621913722706114962e-11
-1.709083128065905773e-11
-1.120601298058376875e-11
-7.228949405469390777e-12
-4.606976321508957051e-12
-2.921111804477094153e-12
-1.848260441199016285e-12
-1.169842125526042245e-12
-7.715279831783675203e-13
-5.043141089662479210e-13
-3.263379573255657571e-13
-2.120458362618489682e-13
-1.382165174205919131e-13
-9.017352703621833169e-14
-3.382134487812465167e-09
-2.256883217415547836e-09
-1.561410507658606842e-09
-1.088353323332660410e-09
-7.589759702373105043e-10
-5.317533627158234012e-10
-3.738032040463932574e-10
-2.621973278915050186e-10
-1.827798521471417111e-10
-1.276260586202063122e-10
-8.820641599778674640e-11
-5.990967794012154384e-11
-3.979617880859212403e-11
-2.595876567576814624e-11
-1.694828085101494884e-11
-1.112885243076544278e-11
-7.189333927022953256e-12
-4.587605431207804162e-12
-2.911931359167355624e-12
-1.843983675696892886e-12
-1.167854060738429664e-12
-7.705089737650939952e-13
-5.038000956870104031e-13
-3.260833503076220530e-13
-2.119171978242611085e-13
-1.381500343548464509e-13
-9.013827524363462565e-14
-3.389548205323673200e-09
-2.257500161147306127e-09
-1.557745230956960465e-09
-1.082463810604114008e-09
-7.524511973531681323e-10
-5.256986443691848441e-10
-3.687871954416493486e-10
-2.583722536814080566e-10
-1.800492501720869467e-10
-1.257597637406373444e-10
-8.698377766033833051e-11
-5.914519911016476527e-11
-3.934337397067898627e-11
-2.570421554820145849e-11
-1.680856686665816014e-11
-1.105309736215189986e-11
-7.150394493027868254e-12
-4.568555972167086714e-12
-2.902906185758720609e-12
-1.839783890680500453e-12
-1.165905237771191956e-12
-7.695118762631135717e-13
-5.032981640919422444e-13
-3.258352544411895446e-13
-2.117920576442968571e-13
-1.380854139484817793e-13
-9.010399270434840931e-14
